,harmonic_centrality,eigenvector_centrality,degree_centrality,closeness_centrality,information_centrality
DM_10fthf5glu,223.1559523809489,7.3913530256090025e-06,0.0009478672985781991,0.18916980455441995,0.0005328399246251624
DM_10fthf6glu,223.20595238094887,7.390958803808758e-06,0.0009478672985781991,0.18920373027259685,0.0005328409646084051
DM_10fthf7glu,222.90595238094892,3.695394455810853e-06,0.0009478672985781991,0.18910198960387167,0.00041570193646615835
DM_5thf,223.72976190475833,7.4088945326477206e-06,0.0009478672985781991,0.18950961020298185,0.0005328492542819126
DM_6dhf,223.07261904761558,7.390619014126346e-06,0.0009478672985781991,0.18913589100035855,0.0005328383438483106
DM_6thf,223.20595238094887,7.3909596102117945e-06,0.0009478672985781991,0.18920373027259685,0.0005328409679078942
DM_7dhf,222.90595238094892,3.6953944401910533e-06,0.0009478672985781991,0.18910198960387167,0.00041570193143507163
DM_7thf,222.90595238094892,3.695394455847922e-06,0.0009478672985781991,0.18910198960387167,0.0004157019364767643
DM_ahcys,219.3749999999967,1.3614790938248336e-05,0.0009478672985781991,0.1872891887093911,0.0006202167275573563
DM_atp(c),445.1523809523771,0.027253934366574143,0.10995260663507109,0.335133418043202,0.003303178674410945
DM_fald,211.4607142857116,1.802484512757046e-06,0.0009478672985781991,0.18281060474787733,0.0004146748749288174
DM_for,208.40357142856905,9.994837005535795e-07,0.0009478672985781991,0.18124033671190518,0.00041403410757941453
DM_pheme(c),217.6416666666635,3.4075127521181464e-06,0.0009478672985781991,0.18652758132956151,0.000415342271777805
DM_q10(m),321.97142857142944,0.0016983533763524647,0.0037914691943127963,0.26427855711422843,0.0017452322143111302
DM_thf(c),230.50238095237702,1.115788494611046e-05,0.0009478672985781991,0.19304666056724612,0.000665063918328217
EX_3aib(e),177.6436507936511,3.9410559435724245e-09,0.0009478672985781991,0.16151255358236374,0.0003689866192005155
EX_4abut(e),310.6047619047621,0.0001765422726803948,0.0009478672985781991,0.27268027914189713,0.0007360640400956439
EX_ac(e),310.43809523809546,0.00017652210348869293,0.0009478672985781991,0.27260981912144705,0.0007360174193730885
EX_acac(e),310.68809523809546,0.0001767288226196819,0.0009478672985781991,0.2727507755946225,0.000736078063174957
EX_acald(e),229.0305555555504,6.20668923273568e-06,0.0009478672985781991,0.20152817574021012,0.0006639473081561996
EX_ala-B(e),297.04047619047554,0.00018545994276272822,0.0009478672985781991,0.2511904761904762,0.0007371058497787569
EX_arg-L(e),247.2321428571375,1.2296443588880113e-05,0.0018957345971563982,0.21757063312023098,0.000998472902494384
EX_asn-L(e),260.82261904761634,8.225008437817678e-06,0.0009478672985781991,0.23444444444444446,0.000705209490635635
EX_bhb(e),310.43809523809546,0.00017652210348869293,0.0009478672985781991,0.27260981912144705,0.0007360174193730885
EX_btn(e),310.93809523809546,0.0003530604366737763,0.0018957345971563982,0.27268027914189713,0.0012103989061739407
EX_co2(e),233.23888888888385,2.961963606990231e-06,0.0009478672985781991,0.20533281432463993,0.0006350954841976085
EX_crn(e),171.27222222222184,1.1423903677434641e-08,0.0009478672985781991,0.15526122148638705,0.0004617735383273457
EX_cyan(e),189.04563492063482,2.3273398580719804e-08,0.0009478672985781991,0.17104409857328146,0.0003705322377141531
EX_cys-L(e),253.33095238094762,1.4408249998034855e-05,0.0037914691943127963,0.22384892849565033,0.0016653603471264496
EX_etoh(e),228.26388888888377,3.6600523410811662e-06,0.0009478672985781991,0.20122067518596223,0.0006141870576148592
EX_fe2(e),288.2976190476176,4.338635429498842e-06,0.0018957345971563982,0.26152702032721864,0.0008020521106942303
EX_glc(e),314.071428571429,0.00018257362759037076,0.002843601895734597,0.2747395833333333,0.0014206675013348302
EX_gln-L(e),316.7880952380956,0.0001869806791263213,0.002843601895734597,0.2755288587098459,0.0014980066139234608
EX_glu-L(e),321.1547619047627,0.00036443459712050274,0.0018957345971563982,0.2788791964049696,0.001212080820728162
EX_gly(e),315.43809523809557,0.0001878432311830268,0.0037914691943127963,0.27452511059068435,0.0017216573432443547
EX_glyc(e),190.8892857142853,2.4299742701033038e-08,0.0009478672985781991,0.17255479228001308,0.0003706096810817541
EX_h(e),368.54285714285703,0.002860488309496359,0.016113744075829384,0.31815440289505426,0.0028083706670808317
EX_h2o(e),303.3833333333336,3.541957831215293e-05,0.0018957345971563982,0.26933877967832526,0.0011938123268618829
EX_h2o2(e),216.61150793650398,3.4231411767141676e-07,0.0009478672985781991,0.1938625505328923,0.0005592910758166194
EX_hco3(e),229.23055555555044,1.3335967965086844e-06,0.0009478672985781991,0.20168227872299752,0.000602125820458145
EX_ile-L(e),211.96507936507584,1.0352273590596156e-07,0.0009478672985781991,0.19108857091106685,0.0005415286623211894
EX_k(e),321.6547619047628,0.00036915067939915716,0.002843601895734597,0.27895293495505025,0.0014946220485141605
EX_lac-D(e),310.43809523809546,0.00017652210348869293,0.0009478672985781991,0.27260981912144705,0.0007360174193730876
EX_lac-L(e),310.6047619047621,0.0001766229139188105,0.0009478672985781991,0.27268027914189713,0.0007360721056284066
EX_leu-L(e),211.96507936507584,1.0352273987661604e-07,0.0009478672985781991,0.19108857091106685,0.0005415286622906289
EX_lys-L(e),247.2321428571375,1.2308869547293427e-05,0.0018957345971563982,0.21757063312023098,0.0009984758778576767
EX_na1(e),348.60952380952574,0.0006120971195891968,0.008530805687203791,0.3036845135290731,0.0024019651104367702
EX_nh4(e),311.20476190476217,0.00017708632761083515,0.0009478672985781991,0.2731745209735888,0.0007361393557893405
EX_o2(e),234.55039682539174,4.475393237122977e-06,0.0009478672985781991,0.20617549345319522,0.0006531492255398944
EX_o2s(e),189.9349206349204,2.6964899240663022e-08,0.0009478672985781991,0.17179612440970526,0.0004199923989319022
EX_orn(e),245.41547619047083,8.04622079907454e-06,0.0009478672985781991,0.2170335321950216,0.0005763753330889904
EX_pe_hs(e),296.87380952380886,0.00018541318182657777,0.0009478672985781991,0.25113068317067366,0.0007370708917385072
EX_pi(e),312.2142857142863,4.030359607166763e-05,0.0018957345971563982,0.279026712509918,0.0011949325686446243
EX_ppa(e),181.59523809523876,8.058343734559648e-09,0.0009478672985781991,0.16456091093433162,0.0003701004919553959
EX_pro-L(e),310.6047619047621,0.000176585074372523,0.0009478672985781991,0.27268027914189713,0.0007360684012395514
EX_ps_hs(e),296.87380952380886,0.00018541318182657777,0.0009478672985781991,0.25113068317067366,0.0007370708917385064
EX_pyr(e),310.98809523809547,0.00017668740662714067,0.0009478672985781991,0.27303312629399584,0.0007360808716140262
EX_sarcs(e),175.98737373737472,1.4029425044759882e-08,0.0009478672985781991,0.15539843865075859,0.0003866094996293651
EX_ser-L(e),267.39523809523655,1.6078799887288615e-05,0.002843601895734597,0.2379341452413171,0.001480925061025664
EX_so4(e),229.23055555555044,1.3335967965086844e-06,0.0009478672985781991,0.20168227872299752,0.0006021258204581453
EX_tcynt(e),189.04563492063482,2.3273398580719804e-08,0.0009478672985781991,0.17104409857328146,0.0003705322377141535
EX_urea(e),182.04126984127046,1.2138789837934547e-08,0.0009478672985781991,0.16489527977492965,0.0003700846079502169
EX_val-L(e),211.96507936507584,1.0352273585561956e-07,0.0009478672985781991,0.19108857091106685,0.0005415286623218291
sink_4hpro-LT(m),284.1626984126987,0.0005125108379696034,0.0009478672985781991,0.22944758590691605,0.0007378794861727309
sink_amet,219.3749999999967,1.3614790938248336e-05,0.0009478672985781991,0.1872891887093911,0.0006202167275573562
sink_decdp,185.32507215007305,2.776075493556994e-07,0.0009478672985781991,0.16106870229007633,0.0004039045325842323
sink_dhf(c),222.7726190476156,3.6950546998709486e-06,0.0009478672985781991,0.18903422325748073,0.00041569742169992186
sink_dmgly,211.4607142857116,1.802484512757046e-06,0.0009478672985781991,0.18281060474787733,0.00041467487492881724
sink_tyr-L(m),259.37222222221703,8.308468550109127e-05,0.0009478672985781991,0.21887966804979253,0.0007269998970407776
10FTHF5GLUtm,294.4269841269869,0.0010865213652509586,0.002843601895734597,0.2332522661950033,0.0012154563562045025
10FTHF6GLUtm,294.51031746032027,0.0010864634149766658,0.002843601895734597,0.23330384785493144,0.0012154617676420315
10FTHF7GLUtm,293.7603174603201,0.0005432192204849457,0.0018957345971563982,0.23314917127071824,0.0007398804286754678
10FTHFtm,303.4317460317511,0.0018038526102363873,0.0037914691943127963,0.2372919478182636,0.001787333660761383
"1a,24,25VITD2Hm",445.0452380952335,0.08084824311957357,0.15639810426540285,0.3022922636103152,0.003330149468834909
"1a,24,25VITD3Hm",445.0452380952335,0.08084824311957357,0.15639810426540285,0.3022922636103152,0.003330149468834909
"1a,25VITD2Hm",445.0452380952335,0.08084824311957357,0.15639810426540285,0.3022922636103152,0.003330149468834929
"1a,25VITD3Hm",445.0452380952335,0.08084824311957357,0.15639810426540285,0.3022922636103152,0.003330149468834909
"24,25VITD2Hm",446.4785714285669,0.08086327366576601,0.15734597156398106,0.3030738293593795,0.003330875846712223
"24,25VITD3Hm",446.4785714285669,0.08086327401483787,0.15734597156398106,0.3030738293593795,0.003330876383565135
25HVITD2t,240.05119047618453,2.308728022428568e-05,0.004739336492890996,0.21062088241165902,0.0015031858672439568
25HVITD2tin,240.05119047618453,2.308728022428568e-05,0.004739336492890996,0.21062088241165902,0.0015031858672439578
25HVITD2tin_m,302.101190476192,0.0016622449446513565,0.007582938388625593,0.24557728119180633,0.002007969244807804
25HVITD2tm,302.101190476192,0.0016622449446513565,0.007582938388625593,0.24557728119180633,0.0020079692448078078
25HVITD3t,240.1678571428512,2.3087638998690195e-05,0.004739336492890996,0.21070501298182545,0.0015031949968660784
25HVITD3tin,240.1678571428512,2.3087638998690195e-05,0.004739336492890996,0.21070501298182545,0.0015031949968660773
25HVITD3tin_m,302.301190476192,0.0016622707758215697,0.007582938388625593,0.2456916627852818,0.0020079855356086164
25HVITD3tm,302.301190476192,0.0016622707758215697,0.007582938388625593,0.2456916627852818,0.0020079855356086125
25VITD2Hm,446.4785714285669,0.08086327366576601,0.15734597156398106,0.3030738293593795,0.0033308758467122633
25VITD3Hm,446.4785714285669,0.08086327401483787,0.15734597156398106,0.3030738293593795,0.0033308763835651046
2AMADPTm,341.1452380952391,0.0047433207412885155,0.029383886255924172,0.26913265306122447,0.0030348204236681484
2OXOADOXm,387.3285714285699,0.0319574242454618,0.07582938388625593,0.28482721382289417,0.0032547166411137007
2OXOADPTm,341.1452380952391,0.0044021055119439784,0.029383886255924172,0.26913265306122447,0.00303473332187166
34HPLFM,431.22857142856674,0.07567742477986059,0.13744075829383887,0.29785431959345005,0.0033206331819562278
3AIBTm,365.8119047619051,0.012431662909643584,0.03886255924170616,0.28065974993349296,0.0031199738508017843
3AIBt,215.82936507936114,5.793316981930834e-07,0.002843601895734597,0.19258853596202993,0.000603819019172652
3AIBtm,263.9769841269799,8.457762695982565e-05,0.002843601895734597,0.22309156269824487,0.000882433931412552
3DPHBH1,448.7952380952335,0.08260595855589808,0.16303317535545025,0.3030738293593795,0.0033331850662381805
3DPHBH2,445.2952380952335,0.08088134118771147,0.15639810426540285,0.30246559633027525,0.0033302998461501834
3HBCDm,390.8619047619026,0.038306611805016176,0.07772511848341232,0.28621812262615304,0.003258613955513763
3HBCOAHLm,455.76190476190015,0.08406612788022773,0.17535545023696683,0.30482519503033806,0.003337885076358148
3SALAASPm,335.9547619047632,0.0016936707353739338,0.006635071090047393,0.27148739063304167,0.0022271360886754834
3SALATAim,438.5285714285668,0.07571060388793892,0.14881516587677726,0.29980107985223076,0.003326662168398429
3SPYRSPm,444.9952380952335,0.0808616900440704,0.15734597156398106,0.3019461934745278,0.0033306853451278086
4ABUTtm,324.3023809523819,0.0004387491445128799,0.002843601895734597,0.28118336886993606,0.0015381713304626933
4HBZCOAFm,456.76190476190015,0.08430390609253181,0.17725118483412322,0.30500144550448105,0.0033385432977194054
4HBZFm,456.51190476190015,0.08410665832561084,0.17630331753554504,0.30508964719491033,0.003338226371848324
4HGLSDm,447.4952380952335,0.08253763332219784,0.16208530805687205,0.3023789051304099,0.003332759332467133
5AOPtm,327.811904761906,0.0007121554405486443,0.0018957345971563982,0.2679024885728796,0.0012126045391893756
5HOXINDACTOXm,446.4952380952335,0.08242484121241314,0.16018957345971566,0.3022056717272988,0.0033319660550764694
5THFtm,295.4769841269872,0.001089099951771943,0.002843601895734597,0.23376911145579438,0.0012155049030068558
6DHFtm,294.2603174603202,0.0010864134661827994,0.002843601895734597,0.23320070733863837,0.0012154481308591992
6THFtm,294.51031746032027,0.0010864635335173622,0.002843601895734597,0.23330384785493144,0.0012154617848106019
7DHFtm,293.7603174603201,0.0005432192181888456,0.0018957345971563982,0.23314917127071824,0.0007398804127379471
7THFtm,293.7603174603201,0.0005432192204903949,0.0018957345971563982,0.23314917127071824,0.0007398804287090649
AACOAT,373.91904761904874,0.004496987840013135,0.025592417061611375,0.30784943098920337,0.002986969565986383
AACTOOR,390.1857142857135,0.006270276343561202,0.04265402843601896,0.31454979129397737,0.003138936750579773
AACTtm,314.5380952380957,0.0005591600911332398,0.0018957345971563982,0.2606869285890783,0.0012068796171708796
AASAD3m,446.9952380952335,0.08245689090144402,0.16113744075829384,0.3022922636103152,0.0033323924182190215
AATAi,368.0190476190492,0.002125015496527152,0.014218009478672987,0.3074009324009324,0.0027199238006488983
ABTArm,364.7619047619052,0.012265114950238241,0.037914691943127965,0.28021248339973437,0.0031147368252674233
ABUTt2r,464.5999999999925,0.02595109293046037,0.09194312796208531,0.3747779751332149,0.0032832372507307604
ACACT10m,325.9103174603238,0.008595359046892697,0.03317535545023697,0.2425287356321839,0.003078310196322025
ACACT1r,268.08809523809225,3.059239596078424e-05,0.0009478672985781991,0.23543851818790448,0.0007200525766078463
ACACT1rm,324.0769841269905,0.007558093581356421,0.03127962085308057,0.24208352455254703,0.003060051789227526
ACACt2,464.7666666666592,0.025978515249614958,0.09194312796208531,0.374911158493248,0.0032835162771684572
ACACt2m,503.43571428571073,0.08632092522054766,0.19810426540284362,0.35726379952590587,0.003348214663548548
ACALDt,301.1404761904756,0.0009123650339340395,0.007582938388625593,0.2523319779956948,0.002211686647959148
ACALDtm,333.8214285714299,0.0014705084160373078,0.007582938388625593,0.2701664532650448,0.002314164103246052
ACCOALm,389.3619047619029,0.025419253822124063,0.07962085308056872,0.28505809240745744,0.0032598478444930625
ACOAD10m,307.56507936508535,0.001905697842555775,0.012322274881516588,0.23804151624548736,0.002614545292683045
ACOAD1fm,305.3150793650848,0.0019516771403258965,0.012322274881516588,0.2372385878120081,0.0026145084401711788
ACOAD8m,311.3984126984192,0.0021781384310027283,0.012322274881516588,0.23944620971402633,0.002614916089156711
ACOAD9m,307.56507936508535,0.0019022436828373054,0.012322274881516588,0.23804151624548736,0.002614537328105787
ACONTm,303.0055555555605,0.000956584219183422,0.004739336492890996,0.2372919478182636,0.0019168520691724808
ACRNtm,236.5408730158688,4.774065467027231e-05,0.0009478672985781991,0.19547896979803595,0.0007236285325480483
ACSm,388.4785714285697,0.026053782957506242,0.07962085308056872,0.28451995685005393,0.0032600994101311524
ACYP,442.65238095237703,0.027030551858345298,0.1061611374407583,0.33438985736925514,0.0032995875989641345
ACt2m,502.26904761904404,0.08640545696282784,0.1962085308056872,0.35690121786197565,0.003347682466970597
ACt2r,464.0999999999925,0.025948128166503857,0.0909952606635071,0.37464488636363635,0.0032823098719564573
ADCim,433.6119047619,0.07591920591829206,0.14028436018957346,0.29903628117913833,0.003322205316032903
ADK1,350.4523809523837,0.0033776056477546504,0.02085308056872038,0.2936264959643752,0.002920206192646322
ADK1m,368.0952380952383,0.01669820610492296,0.047393364928909956,0.2801380775358471,0.0031704167331507273
ADK3m,367.9285714285716,0.015012165071430331,0.047393364928909956,0.28006371117600215,0.003169538960110491
ADPRDPm,444.96190476190014,0.08118381582793333,0.15639810426540285,0.3023789051304099,0.0033303080601406816
AGMTm,391.4119047619025,0.03829062043756742,0.07772511848341232,0.28660690029883185,0.00325844116805506
AGPRim,433.47857142856674,0.07597667037653201,0.14123222748815167,0.2983597285067873,0.0033228708044073384
AGTim,349.7119047619054,0.0055077348063563075,0.015165876777251185,0.27625032731081434,0.0027684335970311036
AKGDm,399.29523809523545,0.03487159860348895,0.09573459715639811,0.2873876327976028,0.003283922030006077
AKGMALtm,361.7452380952389,0.005300477783221257,0.03601895734597157,0.2792482795129698,0.0030953946586684653
ALASm,447.51190476190004,0.0781186126032054,0.16113744075829384,0.3032480597872952,0.0033321656866736583
ALCD2if,434.4023809523769,0.025925903497965794,0.09289099526066351,0.3320742839156437,0.003284537968476854
ALCD2yf,435.2357142857103,0.025937256615126265,0.0938388625592417,0.3323881537492123,0.0032856933593564063
ALDD20xm,446.4952380952335,0.08242484121241314,0.16018957345971566,0.3022056717272988,0.0033319660550764894
ALDD2x,440.06904761904366,0.026584569107387913,0.1014218009478673,0.3338607594936709,0.003294620979395624
ALDD2xm,448.0452380952335,0.0826108175226944,0.16208530805687205,0.302812858783008,0.0033328082594510835
ALDD2y,440.90238095237703,0.026595922224548384,0.1023696682464455,0.33417801710484635,0.0032955962675503456
ALR,440.2357142857104,0.026597951771374563,0.1004739336492891,0.33417801710484635,0.003293962318772976
AMETt2m,287.5626984126995,0.002001360225699628,0.005687203791469194,0.230399650578729,0.0017910246243406358
AOBUTDsm,433.6119047619,0.07592555973621026,0.14028436018957346,0.29903628117913833,0.0033220932852256998
APAT2rm,365.2619047619052,0.012482383418867241,0.03886255924170616,0.28028692879914985,0.0031217369273240057
APOC_LYS_BTNPm,390.3619047619026,0.038276940323653016,0.07677725118483412,0.28614049362625443,0.003256994382010381
APOCFm,441.9952380952335,0.08045188655277827,0.15165876777251186,0.30142857142857143,0.0033280886613552183
ARGDCm,433.57857142856665,0.07611680523792892,0.13933649289099526,0.29946068691456146,0.0033217191462317983
ARGLYSex,332.28095238095295,0.0012002397492550723,0.008530805687203791,0.2779241306638567,0.0020162248342681668
ARGtiDF,330.1142857142862,0.0006073183558844836,0.004739336492890996,0.2775585372270455,0.0016467463545649004
ARGtm,504.4357142857108,0.08625384929504204,0.1990521327014218,0.3577483892845032,0.0033485458361162818
ASNNm,396.461904761902,0.039158110122598955,0.08341232227488152,0.28864569083447333,0.003267571872724485
ASNt4,355.6928571428588,0.0012090097143193732,0.016113744075829384,0.3061520603598375,0.002747114241460736
ASNtm,315.76904761904785,0.0002831801925361263,0.002843601895734597,0.2765399737876802,0.0015102309745569289
ASPGLUm,517.9523809523764,0.08828453833847082,0.21990521327014217,0.3630419821059876,0.0033537865302129045
ASPTA,369.0190476190491,0.0023128930670435538,0.016113744075829384,0.3075801749271137,0.002783936863192106
ASPTAm,367.09523809523836,0.013618209856936353,0.04170616113744076,0.28065974993349296,0.0031396404222132157
ATPS4m,533.4357142857131,0.09733527041528035,0.2502369668246446,0.36695652173913046,0.0033596034495460402
ATPtm,410.6857142857113,0.018897196791248457,0.06635071090047394,0.3231240428790199,0.003235927837903142
BACCLm,441.5285714285668,0.0768890064227029,0.15355450236966825,0.3005698005698006,0.003328865274907996
BALAVECSEC,446.1523809523771,0.027262060959661175,0.11184834123222749,0.33534647171010806,0.003304067482686778
BALAtmr,355.06904761905,0.0010172597906209025,0.0037914691943127963,0.3012564249000571,0.001784887094285158
BAMPPALDOXm,447.4952380952335,0.08251605570330191,0.16208530805687205,0.3023789051304099,0.0033327390860528523
BDHm,431.06190476190005,0.07539618630072668,0.13744075829383887,0.2977702511995484,0.0033205874559742382
BETALDHxm,446.4952380952335,0.08242484121241314,0.16018957345971566,0.3022056717272988,0.0033319660550764794
BHBt,464.0999999999925,0.025948128166503857,0.0909952606635071,0.37464488636363635,0.0032823098719564573
BHBtm,501.76904761904404,0.0862294166687123,0.19526066350710902,0.3567805207981062,0.003347411710373901
BTNDm,392.3619047619024,0.039463121555570455,0.07867298578199053,0.2869186837095458,0.00326048301529544
BTNPLm,429.0285714285667,0.0743526678021437,0.13270142180094788,0.29785431959345005,0.003317799445790919
BTNt2,464.0999999999925,0.025949321021173623,0.0909952606635071,0.37464488636363635,0.003282808595009566
BTNt2m,502.26904761904404,0.08649606124126326,0.1962085308056872,0.35690121786197565,0.0033476789411278334
BTNt4i,464.0999999999925,0.025949321021173623,0.0909952606635071,0.37464488636363635,0.003282808595009566
C160CPT2,324.41269841270463,0.006987597920488851,0.03033175355450237,0.24286372007366483,0.0030399687355495545
C160CRNt,236.37420634920215,4.753499425229186e-05,0.0009478672985781991,0.1954427565765098,0.0007230915482261977
C204CPT2,323.91269841270463,0.0069872767361650575,0.029383886255924172,0.2428078250863061,0.0030393912571497605
C226CPT2,323.91269841270463,0.0069872767361650575,0.029383886255924172,0.2428078250863061,0.0030393912571497522
C2M26DCOAHLm,389.8619047619027,0.03777455367016738,0.07582938388625593,0.28606290672451196,0.00325524432387284
CATm,393.42857142856894,0.03842623094986718,0.07962085308056872,0.2876226826608506,0.003261821169822938
CBLATm,439.7785714285668,0.07654605209757581,0.15071090047393365,0.30014224751066854,0.0033275435136891967
CDPDAGtm,284.0698412698415,0.0005038718187609294,0.0009478672985781991,0.22969736555628129,0.0007377931133996883
CDSm,429.7785714285667,0.07406859874766822,0.13364928909952606,0.29810680983328625,0.003317921442030294
CHSTEROLt3,290.95317460317665,0.0005500428870670236,0.0018957345971563982,0.23248126928162186,0.0007395073775078657
CITRtm,318.8047619047626,0.0005873520352147764,0.0009478672985781991,0.2634207240948814,0.0007392860867804313
CITtam,343.37857142857234,0.001731192262972366,0.01042654028436019,0.27452511059068435,0.002507528182230034
CITtbm,336.21190476190577,0.0008041367159595863,0.004739336492890996,0.2716271884654995,0.0019158045657041373
CK,368.0952380952383,0.01564902538250251,0.047393364928909956,0.2801380775358471,0.003166366689474429
CO2t,308.0261904761901,0.00043540075141889636,0.005687203791469194,0.25832517140058764,0.0019209845869426095
CO2tm,357.026190476191,0.00915135845302774,0.026540284360189573,0.2808091562416822,0.003006938004616167
COQ3m,427.3952380952334,0.07339864834872305,0.12985781990521328,0.2972668357283742,0.0033157286560582685
COQ5m,426.8952380952334,0.07364205844217923,0.12890995260663507,0.2971830985915493,0.003315333365336317
COQ6m,393.71190476190225,0.03943090556861398,0.08056872037914692,0.28754428999727444,0.0032635371851848427
COQ7m,444.5452380952335,0.08084081074232838,0.15545023696682464,0.3022056717272988,0.0033298684999370004
COUCOAFm,387.3119047619031,0.025141378167096537,0.07772511848341232,0.2842899488008623,0.003256784969624587
CPPPGO,443.58571428571037,0.026722970538507997,0.1061611374407583,0.33534647171010806,0.0032989189953499276
CRNt,206.8857142857116,1.6793045870735879e-06,0.002843601895734597,0.18376589444347674,0.0008996335736868457
CRNtim,249.55714285713717,0.00024516462040535575,0.006635071090047393,0.2094084954346963,0.0020127078208405634
CSNAT2m,326.24603174603794,0.008055619666644124,0.03222748815165877,0.24331180811808117,0.0030684415606406445
CSNATm,324.91269841270463,0.007017829800003871,0.03127962085308057,0.24291964080128944,0.00304948240124261
CSm,458.76190476190015,0.084237839927596,0.18104265402843603,0.3053545586107091,0.003339773399509504
CYANSTm,429.82857142856676,0.07341350406392665,0.13270142180094788,0.2982753746112525,0.003318057608208671
CYANt,233.23452380951835,3.4211674526390424e-06,0.002843601895734597,0.20629644114196324,0.0006079690753170482
CYANtm,291.5130952380968,0.0004994619230667318,0.002843601895734597,0.23993632021833067,0.000892415783348889
CYOOm2,517.4190476190428,0.09345978134400405,0.2218009478672986,0.3620452985586822,0.003354047384349942
CYOR-u10m,503.26904761904404,0.08632333255500299,0.19810426540284362,0.35714285714285715,0.003348132758185095
CYSGLUexR,335.60476190476373,0.0007539214816565345,0.014218009478672987,0.28482721382289417,0.00264535080219079
CYSGLYex,329.6357142857155,0.0005814462804072227,0.013270142180094787,0.2816337426588361,0.0025975795216696355
CYSGLYexR,329.6357142857155,0.0005814462804072227,0.013270142180094787,0.2816337426588361,0.0025975795216696294
CYSO,438.7357142857103,0.02605374031708753,0.0995260663507109,0.3334386852085967,0.0032923790082129453
CYSTAm,363.5952380952387,0.011701461724692172,0.03601895734597157,0.27998938428874737,0.0031026085049377407
CYStec,319.38809523809573,0.00020112571834655406,0.007582938388625593,0.2761780104712042,0.0022110774792892924
CYTK1m,367.09523809523836,0.015647276097088804,0.04549763033175355,0.27998938428874737,0.0031612811403133887
D-LACt2,464.0999999999925,0.025948128166503857,0.0909952606635071,0.37464488636363635,0.0032823098719564673
D-LACtm,501.76904761904404,0.0862294166687123,0.19526066350710902,0.3567805207981062,0.0033474117103739214
DDPGAm,342.82857142857216,0.0031677538297174485,0.009478672985781991,0.273883696780893,0.002487354312638981
DECDPtm,229.87619047618642,4.0808052932460965e-05,0.0018957345971563982,0.19195778748180495,0.0007033176871706337
DGNSKm,441.2452380952335,0.07665100993951221,0.15260663507109004,0.30065545739526933,0.003328557197214764
DGSNt,235.271428571423,3.571873906802467e-06,0.0018957345971563982,0.20829220138203355,0.0006072252510869166
DGSNtm,295.9785714285727,0.0005214879677586105,0.002843601895734597,0.24264029438822446,0.0008917761576204123
DHDPBMTm,426.3952380952334,0.0733756315741058,0.1279620853080569,0.2970994086172909,0.0033147072666101494
DHFtm,293.51031746032004,0.0005431692766512047,0.0018957345971563982,0.2330461674398056,0.000739866126879625
DMGDHm,398.27857142856857,0.038947569147802175,0.08909952606635071,0.2878581173260573,0.00327302429439105
DMGtm,272.46746031745784,0.00026496354231823356,0.0018957345971563982,0.22365910536357855,0.0007366331504940203
DPGM,432.15238095237686,0.025969327838608315,0.09004739336492891,0.33124018838304553,0.003281687283125273
DPGase,389.30238095238036,0.006660355710777369,0.043601895734597156,0.31361474435196196,0.0031536805052090507
DPHMBDCm,433.1119047619,0.076124509920862,0.13933649289099526,0.29895154434684046,0.0033217123978343077
DURIK1m,440.7785714285668,0.07697030912499296,0.15260663507109004,0.300313122687162,0.0033284394422519394
DUTPDPm,445.71190476190014,0.08115529550021182,0.15734597156398106,0.30263912794033276,0.0033307121674637716
ECOAH12m,390.3619047619026,0.037787406753376336,0.07677725118483412,0.28614049362625443,0.0032569080359229276
ECOAH1m,391.36190476190257,0.03881796231238096,0.07867298578199053,0.2862957937584803,0.003260286423843065
ECOAH9m,390.8619047619026,0.03829859551045839,0.07772511848341232,0.28621812262615304,0.0032586198695316445
EHGLAT2m,345.46190476190554,0.0038289932365926506,0.01042654028436019,0.27538501696684936,0.0025455969389538207
EHGLATm,365.5952380952385,0.012864119051422028,0.03981042654028436,0.28028692879914985,0.0031281351923026566
ENO,368.202380952383,0.0050663623116630006,0.034123222748815164,0.30142857142857143,0.0030886543467327507
ETF,304.9817460317514,0.0014421028807060342,0.011374407582938388,0.2372385878120081,0.002551015722491017
ETFQO,324.45476190476296,0.001708097380571718,0.004739336492890996,0.2654755913437343,0.0019192379372248048
ETOHMO,444.1523809523771,0.026681774768032965,0.1071090047393365,0.33523991102637435,0.0032998567583524064
ETOHt,299.1738095238089,0.0005380168627685442,0.004739336492890996,0.25185008355216043,0.0017416491110372686
FALDtm,272.46746031745784,0.00026496354231823356,0.0018957345971563982,0.22365910536357855,0.0007366331504940206
FBA,302.7214285714281,0.0003753977617547073,0.006635071090047393,0.25324051848295726,0.002072940052820998
FCLTm,426.8952380952334,0.07362846447895202,0.12890995260663507,0.2971830985915493,0.00331506907655522
FE2t,351.96666666666914,0.0005910212392014026,0.0037914691943127963,0.3070430733410943,0.0012566452001606257
FE2tm,503.1023809523774,0.08623740121162217,0.1971563981042654,0.35726379952590587,0.003347927813966291
FORt2m,266.7865079365042,0.0001469231487050915,0.0018957345971563982,0.22131319488147683,0.0007346135441648629
FPGS2m,455.2452380952336,0.07985262091409688,0.17630331753554504,0.3037719550820616,0.003338171117152279
FPGS3m,455.2452380952336,0.07984893250539546,0.17630331753554504,0.3037719550820616,0.0033381208461196786
FPGS4m,454.57857142856693,0.07984159114755718,0.17535545023696683,0.3035971223021583,0.0033378297454893244
FPGS5m,454.57857142856693,0.0798452617416843,0.17535545023696683,0.3035971223021583,0.003337880902767712
FPGS6m,455.2452380952336,0.07984893216708515,0.17630331753554504,0.3037719550820616,0.003338120521020147
FPGS7m,455.07857142856693,0.07985745074721948,0.17630331753554504,0.3036845135290731,0.0033381659693049823
FPGS8m,455.2452380952336,0.0798526034903132,0.17630331753554504,0.3037719550820616,0.0033381708542778053
FPGS9m,455.2452380952336,0.07984893250459446,0.17630331753554504,0.3037719550820616,0.003338120845435744
FPGSm,457.79523809523363,0.0802364655757639,0.18009478672985782,0.3045612009237875,0.003339529482970095
FTHFLm,383.22857142857004,0.021596550833116332,0.06729857819905213,0.2839838492597577,0.003233525660695498
FUMSO3tm,337.03809523809633,0.0016513854130654107,0.008530805687203791,0.2712082262210797,0.0023874487555298196
FUMSO4tm,327.8214285714298,0.0006045534969525104,0.008530805687203791,0.2662796567390207,0.0023144072371753437
FUMTSULtm,319.3547619047624,0.0009198271308956911,0.006635071090047393,0.2612679544328876,0.002190518124487777
FUMm,399.1285714285684,0.038638709669823,0.08720379146919431,0.28935820076796487,0.003272751366202051
FUMtm,406.35238095237816,0.016413929307566688,0.054976303317535544,0.3224327628361858,0.0032036978097174057
G3PD2m,306.73174603175187,0.0014344401730075006,0.012322274881516588,0.237880496054115,0.002592008647370847
G5SDym,434.47857142856674,0.07621308123898607,0.14312796208530806,0.29852857951329936,0.0033239038694352495
G6PDH2r,432.48571428571023,0.025911349251443526,0.09004739336492891,0.3314483191957273,0.00328151329717285
GAPD,439.31904761904366,0.02645936359287063,0.1014218009478673,0.3332280480101074,0.003293644317009488
GCALDDm,446.4952380952335,0.08242484121241314,0.16018957345971566,0.3022056717272988,0.0033319660550765098
GCC2am,437.2452380952334,0.07632432091535425,0.14407582938388627,0.30048419253773856,0.0033243218095901656
GCC2bim,346.738095238096,0.005048737367121327,0.014218009478672987,0.2747395833333333,0.002730541232799537
GCC2cm,430.56190476190005,0.07536917677025765,0.13649289099526066,0.297686230248307,0.003320062377035941
GCCam,437.2452380952334,0.07632432091535425,0.14407582938388627,0.30048419253773856,0.0033243218095901656
GCCbim,346.738095238096,0.005048737367121327,0.014218009478672987,0.2747395833333333,0.0027305412327995405
GCCcm,430.56190476190005,0.07536917677025765,0.13649289099526066,0.297686230248307,0.0033200623770359757
GHMT2rm,400.1119047619016,0.04085036315801441,0.09004739336492891,0.28872468527640943,0.003277358100500754
GHMT3m,429.69523809523344,0.07379423330311954,0.13175355450236967,0.2983597285067873,0.0033172357391322888
GLACOm,446.4952380952335,0.08242484121241314,0.16018957345971566,0.3022056717272988,0.003331966055076525
GLCt1r,322.188095238096,0.0006124732624913595,0.006635071090047393,0.2783641160949868,0.002156628635368015
GLCt2r,466.2666666666592,0.02602820923519032,0.09478672985781991,0.3753112771255781,0.0032872031868662697
GLNS,450.4023809523772,0.026897085391189093,0.11469194312796209,0.3378162023695165,0.0033074952232969995
GLNtm,354.50238095238376,0.0008749737725368748,0.007582938388625593,0.29980107985223076,0.0023117042550665854
GLU5Km,383.41190476190343,0.021605396076835544,0.06729857819905213,0.28482721382289417,0.0032356839492920734
GLUDxm,458.2952380952336,0.08407394738096875,0.18009478672985782,0.30500144550448105,0.0033396044411342913
GLUDym,455.2952380952336,0.08263623476617293,0.17440758293838862,0.30447330447330445,0.00333758062564216
GLUNm,412.0119047619004,0.046324197001365384,0.1052132701421801,0.29313698249513753,0.0032951296693134852
GLUTCOADHm,439.9952380952334,0.07679234144303292,0.14976303317535544,0.30082691759338465,0.0033268813977404372
GLUVESSEC,451.9023809523772,0.02736960786769069,0.11753554502369669,0.33814102564102566,0.003309335184298413
GLUt2m,516.2857142857093,0.08798263907166012,0.21706161137440758,0.36254295532646047,0.003353171495790256
GLUt6,478.51666666665943,0.0262010765778953,0.10995260663507109,0.38155515370705245,0.0033034469127558004
GLYATm,345.12857142857206,0.009427321914389487,0.03696682464454976,0.2678344757552678,0.0031087523744232283
GLYCLTDym,427.56190476190005,0.07366906466344418,0.13080568720379146,0.2971830985915493,0.0033165342400785893
GLYCt,236.10476190475626,3.572039227548529e-06,0.002843601895734597,0.208498023715415,0.0006081775980359993
GLYCtm,296.2785714285728,0.0005214879688910029,0.002843601895734597,0.2428078250863061,0.0008929198648054004
GLYKm,441.3285714285668,0.07665100993951987,0.15260663507109004,0.3007411630558723,0.003328655429977435
GLYOXm,441.9952380952335,0.08045188655277827,0.15165876777251186,0.30142857142857143,0.0033280886613552183
GLYt2r,468.09999999999263,0.025985667392163705,0.0966824644549763,0.37624821683309556,0.0032897909183601044
GLYtm,365.91904761904954,0.002861513117615801,0.014218009478672987,0.30491329479768786,0.002719317699413688
GND,314.1261904761904,0.0016802286567795556,0.013270142180094787,0.25991623552599163,0.0026411940829233938
GTHOm,427.06190476190005,0.07387250723438842,0.12985781990521328,0.2970994086172909,0.003315980601816922
GTHPm,392.3785714285691,0.03878478635661683,0.07867298578199053,0.28715296679368535,0.0032602549568526247
H2CO3Dm,402.0785714285682,0.045128169851540424,0.09573459715639811,0.28896192823883865,0.003284855294549894
H2O2t,277.8785714285698,5.031926983354637e-05,0.0037914691943127963,0.2404284412032817,0.0013624391180479696
H2O2tm,320.6880952380961,0.0010758377587337098,0.005687203791469194,0.26361819090454774,0.001988510416680939
H2Ot,382.342857142857,0.0048830568991629466,0.03317535545023697,0.3179626280892104,0.0030807564181494747
H2Otm,440.20238095237653,0.042368906583918106,0.1071090047393365,0.3332280480101074,0.00329919393000702
HACD1m,431.56190476190005,0.0756793096782856,0.13838862559241707,0.29785431959345005,0.0033211483465553867
HACD9m,431.06190476190005,0.07565191664208537,0.13744075829383887,0.2977702511995484,0.003320620772239055
HBZOPT10m,307.984126984133,0.005998465030379448,0.014218009478672987,0.2373987398739874,0.002703926210535733
HCO3Em,448.54523809523346,0.08264293867464671,0.16208530805687205,0.30342249065286164,0.003332779262792431
HEX1,436.6523809523769,0.026233215969001043,0.09763033175355451,0.3323881537492123,0.0032905254592176265
HIBDm,431.0285714285667,0.07541906175711373,0.13649289099526066,0.29819106840022613,0.003320093443391169
HMBS,384.35238095238077,0.006003926280232232,0.035071090047393366,0.3126852400711322,0.0030997773977639873
HMGCOASim,456.76190476190015,0.0841272507457312,0.17725118483412322,0.30500144550448105,0.003338527297120998
HMGLm,343.3785714285723,0.004474080346578739,0.014218009478672987,0.27324527324527326,0.002735045645732772
HPROxm,430.56190476190005,0.07533852637028281,0.13649289099526066,0.297686230248307,0.0033196689441205057
Ht,463.5999999999925,0.02594693542149673,0.09004739336492891,0.37451189208377705,0.0032820854381766327
Htm,501.76904761904404,0.0862294166687123,0.19526066350710902,0.3567805207981062,0.003347411710373891
ICDHxm,386.52857142857,0.030716849082976432,0.07488151658767772,0.284366576819407,0.003252643437802496
ICDHyrm,379.3619047619039,0.02312683954775416,0.06255924170616114,0.28390742734122715,0.003224199615348151
ILETA,369.9357142857157,0.002125868130066086,0.017061611374407582,0.3079392877991827,0.002759064488676824
ILETAm,365.31190476190517,0.011918468870819612,0.037914691943127965,0.28058510638297873,0.0031148663384734576
ILEt5m,284.05476190476065,9.574764257663433e-05,0.0037914691943127963,0.24512081784386616,0.0015202806113360106
ILEtec,269.4047619047593,1.5217571477160146e-05,0.0037914691943127963,0.23617640474591448,0.0012616317335805063
IMACTD_m,446.4952380952335,0.08242484121241314,0.16018957345971566,0.3022056717272988,0.0033319660550765
ITCOAL1m,375.3452380952375,0.019080247600560277,0.055924170616113746,0.28185947101255676,0.003204033640541903
ITCOALm,389.97857142856947,0.025639140286390152,0.07962085308056872,0.28521221951878883,0.003260500172323279
Kt1r,328.7380952380967,0.0007387422962204409,0.005687203791469194,0.28306949288972366,0.002058992649757686
L-LACt2r,464.5999999999925,0.025962947086306275,0.09194312796208531,0.3747779751332149,0.003283397731448912
L-LACtm,502.26904761904404,0.08624423490735367,0.1962085308056872,0.35690121786197565,0.0033476649108656635
LCADi_Dm,446.4952380952335,0.08242484121241314,0.16018957345971566,0.3022056717272988,0.0033319660550764846
LCADim,446.9952380952335,0.08243965945105454,0.16113744075829384,0.3022922636103152,0.00333236538274116
LCYSTATm,364.09523809523864,0.012211043716991565,0.03696682464454976,0.28006371117600215,0.003109780954671922
LDH_L,432.9023809523769,0.025935478926765242,0.09004739336492891,0.33176100628930816,0.003281616868586382
LDH_Lm,432.06190476190005,0.07550419663594023,0.13933649289099526,0.29793843547020615,0.003321642069071397
LEUTA,369.9357142857157,0.002125868130645825,0.017061611374407582,0.3079392877991827,0.002759064488505181
LEUTAm,365.31190476190517,0.011918481310076067,0.037914691943127965,0.28058510638297873,0.0031148663377637345
LEUt5m,284.05476190476065,9.574772720985583e-05,0.0037914691943127963,0.24512081784386616,0.0015202806109843917
LEUtec,269.4047619047593,1.5217572060843278e-05,0.0037914691943127963,0.23617640474591448,0.001261631733414631
LSOProd,345.5880952380964,0.010492990464811417,0.021800947867298578,0.27367055771725035,0.002934770860851782
LYStiDF,330.2809523809529,0.0006091449609635476,0.004739336492890996,0.2776315789473684,0.0016467624971969184
LYStm,504.9357142857108,0.08652051855780359,0.2,0.3578697421981004,0.0033488054383453746
MALSO3tm,344.3047619047629,0.0023839309046007227,0.011374407582938388,0.27488275143303803,0.0025872789400034463
MALSO4tm,343.37142857142965,0.0013370989884878225,0.011374407582938388,0.274025974025974,0.0025366445443817174
MALTSULtm,340.954761904763,0.0016523726224310033,0.009478672985781991,0.27345775012960083,0.0024618615237265635
MALtm,407.85238095237804,0.017146474799101998,0.05781990521327014,0.3227286631997553,0.0032133577015111612
MCCCrm,445.9452380952335,0.07861763912685328,0.16208530805687205,0.3012564249000571,0.0033327490387414067
MDH,435.3190476190436,0.026111665144948986,0.09478672985781991,0.33217884130982367,0.0032874103448422187
MDHm,435.22857142856674,0.07591369942902709,0.14407582938388627,0.29878221467006516,0.0033242874069662346
MECOALm,389.97857142856947,0.025639140286390152,0.07962085308056872,0.28521221951878883,0.003260500172323269
MECOAS1m,375.3452380952375,0.019080247600560277,0.055924170616113746,0.28185947101255676,0.0032040336405419175
MGCHrm,390.8619047619026,0.03833598838094372,0.07772511848341232,0.28621812262615304,0.003258627220218062
MMCDm,436.0452380952333,0.07617138352530449,0.14312796208530806,0.300313122687162,0.0033236700858734654
MMEm,294.1912698412726,0.0010612083525357574,0.002843601895734597,0.2334070796460177,0.0014973676174412462
MMMm,302.4150793650841,0.001119596559617856,0.005687203791469194,0.2364940596278861,0.0020669218972648017
MMSAD1m,386.6119047619033,0.032565345981954506,0.07772511848341232,0.2837547068316299,0.003258125303737618
MMSAD3m,385.6452380952367,0.03204225160137561,0.07677725118483412,0.2832214765100671,0.0032563066557606676
MTHFCm,443.7452380952335,0.08070207227748293,0.15450236966824646,0.30185979971387694,0.003329351612491701
MTHFDm,352.1880952380961,0.013626824506701609,0.027488151658767772,0.2754569190600522,0.003024112350552504
NABTNOm,446.4952380952335,0.08242484121241314,0.16018957345971566,0.3022056717272988,0.003331966055076497
NADH2-u10m,507.26904761904404,0.08822538810296437,0.2056872037914692,0.35811269517990496,0.0033501560097428224
NDPK10m,367.09523809523836,0.015647276097088804,0.04549763033175355,0.27998938428874737,0.003161281140313386
NDPK1m,369.0952380952382,0.01604674207537533,0.04928909952606635,0.28028692879914985,0.003177933238655902
NDPK2m,367.09523809523836,0.015647276097088804,0.04549763033175355,0.27998938428874737,0.003161281140313393
NDPK3m,367.761904761905,0.016147743352882937,0.046445497630331754,0.2801380775358471,0.0031659374005293785
NDPK4m,367.5952380952383,0.015683055404281814,0.046445497630331754,0.28006371117600215,0.0031655747210556358
NDPK5m,367.5952380952383,0.015683055404281814,0.046445497630331754,0.28006371117600215,0.0031655747210556453
NDPK6m,367.5952380952383,0.016195626745225847,0.046445497630331754,0.28006371117600215,0.0031659424912945807
NDPK7m,367.5952380952383,0.015683055404281814,0.046445497630331754,0.28006371117600215,0.0031655747210556267
NDPK8m,368.0952380952383,0.015691578972061377,0.047393364928909956,0.2801380775358471,0.00316938937538605
NDPK9m,367.09523809523836,0.015647276097088804,0.04549763033175355,0.27998938428874737,0.003161281140313386
NH4t3r,465.9333333333259,0.026031067452949253,0.09289099526066351,0.37571225071225073,0.0032847362886460505
NMNATm,445.5285714285668,0.07859531650978678,0.16113744075829384,0.3012564249000571,0.003332254674709072
NNATm,441.0285714285668,0.07662236185015191,0.15260663507109004,0.30048419253773856,0.0033284171295380424
NTD1m,406.27857142856766,0.047777440140077364,0.1004739336492891,0.2901540154015402,0.0032905059349180635
NTD2m,405.7785714285677,0.04725736660555292,0.0995260663507109,0.29007423700852353,0.0032894676182752512
NTD5m,406.77857142856766,0.04788904724361666,0.1014218009478673,0.2902338376891334,0.003291511289018562
NaKt,468.51666666666034,0.027324082507913544,0.12037914691943129,0.36379310344827587,0.0033119846024862844
O2St,234.60833333332775,3.963814637342283e-06,0.002843601895734597,0.20739138981718105,0.0007535820741938041
O2Stm,293.8964285714304,0.0005786838996999325,0.0037914691943127963,0.24130832570905764,0.0013227322531990922
O2t,310.67738095238076,0.0006578705141110064,0.006635071090047393,0.2596603494954467,0.0020962440594396413
O2tm,351.97500000000116,0.010313712315465583,0.024644549763033177,0.27880549682875266,0.0029833174488506403
OCOAT1m,347.61190476190535,0.00457203807658561,0.014218009478672987,0.275169535732916,0.002730075024466472
OIVD1m,386.07857142857006,0.03202292818661675,0.07677725118483412,0.28360215053763443,0.003256379552904885
OIVD2m,386.07857142857006,0.03202106393390547,0.07677725118483412,0.28360215053763443,0.003256379430898841
OIVD3m,386.07857142857006,0.032021087274036825,0.07677725118483412,0.28360215053763443,0.003256379410724719
ORNTArm,365.7619047619051,0.013383158810251433,0.03886255924170616,0.28058510638297873,0.003123354016993704
ORNt3m,503.6023809523774,0.0863358317371781,0.19810426540284362,0.3573848238482385,0.0033482234735875537
ORNt4m,504.1023809523774,0.08633980037343948,0.1990521327014218,0.35750593019315485,0.003348330244615389
ORNtiDF,328.8309523809528,0.0011827819965627233,0.0037914691943127963,0.2771210927239296,0.0014684706937082518
P45011A1m,446.3785714285669,0.08085196016474097,0.15829383886255924,0.30263912794033276,0.0033305406370494712
P5CDm,455.2952380952336,0.08375184904225445,0.17440758293838862,0.30447330447330445,0.0033376016535299436
PCFLOPm,446.4857142857104,0.02775355277305693,0.11184834123222749,0.33566656061088135,0.0033042458884025563
PCm,447.9452380952335,0.07884431810353199,0.16587677725118483,0.30160091480846196,0.003334264140460727
PDHm,388.69523809523645,0.03377671466163512,0.08151658767772513,0.2839838492597577,0.003264374411518916
PEFLIP,445.6523809523771,0.027255187183110423,0.1109004739336493,0.33523991102637435,0.0033033651975814923
PEFLIPm,446.4857142857104,0.028267393867133474,0.11184834123222749,0.33566656061088135,0.00330492774266969
PETOHMm_hs,429.4785714285669,0.07375415894555604,0.12985781990521328,0.2984441301272984,0.0033160920804545376
PFK,436.9857142857103,0.02616203523031358,0.09763033175355451,0.33259773013871374,0.0032898403413063487
PGCD,433.48571428571023,0.025988328110705335,0.09194312796208531,0.33165671172587236,0.0032839139165129158
PGI,296.94047619047547,0.0005377346678840718,0.004739336492890996,0.25035595633602276,0.0019014780025773835
PGK,353.8690476190505,0.004138273239729409,0.026540284360189573,0.2943638392857143,0.0030098135410985844
PGL,438.98571428571034,0.026573653802531898,0.0995260663507109,0.33354410369901993,0.0032929034432428545
PGM,299.45714285714223,0.00046860722121888583,0.004739336492890996,0.25166984732824427,0.001963498515848945
PHCDm,447.4952380952335,0.08253763332219784,0.16208530805687205,0.3023789051304099,0.003332759332467166
PHCHGSm,441.9952380952335,0.08045188655277825,0.15165876777251186,0.30142857142857143,0.0033280886613552083
PHEMEtm,283.66269841269855,0.0005009008695398208,0.0018957345971563982,0.22924815297696655,0.0007387418478636925
PHETA1m,363.5952380952387,0.011701461724692172,0.03601895734597157,0.27998938428874737,0.0031026085049377363
PIt2m,511.3523809523774,0.08878077565330529,0.2123222748815166,0.3594548551959114,0.0033520614325564576
PIt7,397.69999999999754,0.0050301433693339,0.03601895734597157,0.33249290891900407,0.00310240585023045
PNTKm,440.2785714285668,0.07664748634780214,0.15165876777251186,0.30022766078542973,0.0033279859559416074
PPA,442.3190476190437,0.027029809343711103,0.1052132701421801,0.33438985736925514,0.00329886028211919
PPA2m,450.46190476190014,0.0824463807366429,0.16587677725118483,0.3035971223021583,0.0033344195348183102
PPAm,450.46190476190014,0.0824463807366429,0.16587677725118483,0.3035971223021583,0.0033344195348183076
PPAt,221.94285714285263,1.1845696748542744e-06,0.002843601895734597,0.1969385850289341,0.0006068075868291481
PPAtm,274.08809523809276,0.00017293740702125558,0.002843601895734597,0.22899934881701758,0.000889605091875161
PPBNGS,438.652380952377,0.026567112595484478,0.0995260663507109,0.3333333333333333,0.003292531256355094
PPCOACm,447.91190476190013,0.07870547837567297,0.16492890995260664,0.3020326367019754,0.0033338277725711227
PPCOAOm,315.9769841269907,0.003236715548940326,0.017061611374407582,0.2413635323724548,0.002802336365170483
PPPG9tm,315.80476190476236,0.0004465527437366694,0.0018957345971563982,0.26159186709645427,0.001210478179163273
PPPGOm,393.62857142856893,0.03891947236455586,0.08056872037914692,0.28746594005449594,0.0032629306390277637
PRGNLONEtm,290.95317460317665,0.0005500428870670236,0.0018957345971563982,0.23248126928162186,0.000739507377507867
PRO1xm,430.56190476190005,0.07534431958181231,0.13649289099526066,0.297686230248307,0.0033200191936597874
PROD2m,432.44523809523344,0.07378450774635611,0.13744075829383887,0.29869762174405434,0.003320188035020018
PROt2r,464.5999999999925,0.025957384738578504,0.09194312796208531,0.3747779751332149,0.0032833240233393133
PROtm,345.0523809523833,0.0013698874527453189,0.0037914691943127963,0.2944459949762769,0.0017882137592223038
PRPNCOAHYDm,390.3619047619026,0.037796423516112135,0.07677725118483412,0.28614049362625443,0.0032569408051579293
PSERT,369.6857142857157,0.0023433803203635663,0.016113744075829384,0.3079392877991827,0.0027879779901418414
PSFLIP,445.6523809523771,0.027255187183110423,0.1109004739336493,0.33523991102637435,0.003303365197581485
PSFLIPm,445.6523809523771,0.027769051184538297,0.1109004739336493,0.33523991102637435,0.0033040610060812887
PSP_L,393.6523809523799,0.006329016817307463,0.047393364928909956,0.31549043062200954,0.0031716118816021007
PYK,437.06904761904366,0.026214837665571776,0.0966824644549763,0.3329125907226254,0.0032895696367676234
PYLALDOXm,446.4952380952335,0.08242484121241314,0.16018957345971566,0.3022056717272988,0.0033319660550764946
PYRt2m,504.68571428571073,0.0866362522397099,0.2,0.3577483892845032,0.003348747621480705
PYRt2r,465.3499999999926,0.025972427252280997,0.09194312796208531,0.37544483985765126,0.003283572162951131
RPE,240.10555555555072,1.5317402420769223e-05,0.0037914691943127963,0.20763629206849046,0.0015280863473174356
RPI,238.7055555555507,1.282111987826881e-05,0.002843601895734597,0.20718774548311075,0.0013256440381406525
SACCD3m,453.7952380952336,0.0824220246549824,0.17156398104265402,0.3042099192618224,0.0033365504768022142
SACCD4m,451.7952380952336,0.08202723167406786,0.16777251184834124,0.3038594470046083,0.003335080321941999
SARCStex,214.92738095237803,2.062313608714129e-06,0.002843601895734597,0.1839581517000872,0.0006524905214949449
SARCStm,277.1341269841255,0.00030108193239880614,0.0037914691943127963,0.22523484201537147,0.0012020348340668647
SARDHm,339.3285714285721,0.005307044946466801,0.025592417061611375,0.26702100733991396,0.002972228029386739
SERGLNexR,336.32142857143043,0.0006323097674772524,0.014218009478672987,0.28521221951878883,0.002666078429326081
SERGLYexR,335.585714285716,0.00046371100985641707,0.014218009478672987,0.28521221951878883,0.0026617735352469384
SERt4,359.49285714285867,0.0012674483678113532,0.02085308056872038,0.3074905275429904,0.0028895917268515147
SLDxm,430.56190476190005,0.07541757107739268,0.13649289099526066,0.297686230248307,0.00332007826768408
SO4HCOtex,301.2071428571423,0.00019603494156472665,0.005687203791469194,0.25257361742877665,0.00164803709659018
SPODMm,431.3785714285668,0.07456497268202067,0.13459715639810427,0.2988668555240793,0.00331905276449948
SSALxm,449.6619047619002,0.08298129997012257,0.16587677725118483,0.302812858783008,0.003334365054360375
SUCCt2m,405.18571428571164,0.01672297805829274,0.05308056872037915,0.32203907203907206,0.0031983150320164955
SUCD1m,336.92857142857224,0.002839091022239666,0.01990521327014218,0.2671562420866042,0.0028666446540088304
SUCOAS1m,377.8452380952373,0.019698576645931953,0.05971563981042654,0.2823875802997859,0.003215267763581008
SUCOASm,392.47857142856924,0.026257469331761825,0.08341232227488152,0.28575297941495126,0.0032663935311668807
SULFOX,442.75238095237705,0.026676234150740993,0.1052132701421801,0.3349206349206349,0.0032979154374472006
T2M26DCOAHLm,389.8619047619027,0.03777455367016739,0.07582938388625593,0.28606290672451196,0.0032552443238728253
T4HCINNMFM,390.8619047619026,0.03845576678145233,0.07772511848341232,0.28621812262615304,0.00325870414658425
TALA,299.85714285714226,0.0003693389477765352,0.006635071090047393,0.25148986889153757,0.002049594873735797
TCYNTt,233.23452380951835,3.4211674526390424e-06,0.002843601895734597,0.20629644114196324,0.0006079690753170495
TCYNTtm,291.5130952380968,0.0004994619230667318,0.002843601895734597,0.23993632021833067,0.0008924157833488936
THD1m,507.26904761904404,0.08845070861979543,0.2056872037914692,0.35811269517990496,0.0033502262852558454
THFtm,309.0484126984191,0.001640198024735194,0.007582938388625593,0.23917479029698482,0.0022241257062908786
TKT1,298.9404761904756,0.00018912157016839174,0.006635071090047393,0.2510709186101856,0.0019429500931793227
TKT2,300.52380952380895,0.00036944244573282786,0.007582938388625593,0.25160982590031006,0.0021148322774444937
TMDK1m,440.7785714285668,0.0769710632318463,0.15260663507109004,0.300313122687162,0.0033284392007062176
TPI,301.13809523809465,0.0001986236703413014,0.005687203791469194,0.25269461077844313,0.0019304487653367922
TRDRm,426.56190476190005,0.07361044606703658,0.12890995260663507,0.29701576576576577,0.0033153637435796744
TYRTAm,364.5952380952386,0.012213360883041218,0.037914691943127965,0.2801380775358471,0.003110264990963843
UPP3S,366.8690476190498,0.005056375810895597,0.03222748815165877,0.3010844748858447,0.0030749946668565445
UPPDC1,434.66904761904357,0.026009600480589447,0.09289099526066351,0.33249290891900407,0.003284932572723714
VALTA,369.9357142857157,0.0021258681300587354,0.017061611374407582,0.3079392877991827,0.0027590644886804124
VALTAm,365.31190476190517,0.011918468713107854,0.037914691943127965,0.28058510638297873,0.0031148663385136346
VALt5m,284.05476190476065,9.574764150360889e-05,0.0037914691943127963,0.24512081784386616,0.0015202806113438657
VALtec,269.4047619047593,1.5217571469759906e-05,0.0037914691943127963,0.23617640474591448,0.0012616317335839829
VITD2Hm,447.1452380952336,0.08086699088815168,0.15829383886255924,0.3032480597872952,0.003331141610044773
VITD2tm,291.3698412698434,0.0005501451422658043,0.0018957345971563982,0.23284043257559037,0.0007395370019065893
VITD3Hm,447.6452380952336,0.08087076008087792,0.15924170616113745,0.3033352501437608,0.0033312750445965364
VITD3tm,292.03650793651025,0.0005539650921532364,0.002843601895734597,0.23294325458158535,0.0010447297266812903
VITD3tm3,292.03650793651025,0.0005539650921532364,0.002843601895734597,0.23294325458158535,0.0010447297266813248
MTDNAploym,307.5174603174662,0.005295301566204128,0.015165876777251185,0.23697214734950584,0.002770774229170888
MTDNAdpolym,444.4952380952335,0.08082662276388582,0.15639810426540285,0.30185979971387694,0.0033302435163658525
DAKm,301.8341269841316,0.0012614797023066265,0.006635071090047393,0.23585960205678516,0.002235656227636686
DTKm,368.0952380952383,0.01651698285358357,0.047393364928909956,0.2801380775358471,0.0031704025011838888
DCKm,367.5952380952383,0.01619340596953941,0.046445497630331754,0.28006371117600215,0.00316594112866229
DGKm,367.5952380952383,0.01619340596953941,0.046445497630331754,0.28006371117600215,0.003165941128662301
NH3tm,505.43571428571073,0.08695816600511107,0.2009478672985782,0.35811269517990496,0.0033490201995046345
NDPK1,350.4523809523837,0.003377605647754651,0.02085308056872038,0.2936264959643752,0.002920206192646314
GGNG,431.65238095237686,0.025934141928393238,0.08909952606635071,0.33113622096672946,0.0032804524060870486
GLGNS1,431.65238095237686,0.025897750745824587,0.08909952606635071,0.33113622096672946,0.0032799466639950453
GLBRAN,294.10714285714204,0.00020542385717029477,0.0018957345971563982,0.24964505442498816,0.0011996590703409256
GLPASE1,370.40238095238254,0.004298944828449584,0.025592417061611375,0.30544296467863347,0.002994808066111563
GLDBRAN,372.0523809523826,0.005445017096942451,0.03601895734597157,0.3033352501437608,0.0031057282895229034
GLPASE2,371.8857142857159,0.0055912038763069,0.03601895734597157,0.3032480597872952,0.0031060104707675176
SERtm,333.2523809523824,0.0003538100470330735,0.007582938388625593,0.28598536188669016,0.0022936696498887608
LacLtm,349.96904761905,0.0021930670635383837,0.005687203791469194,0.29701576576576577,0.002124959554018306
UREAt,222.59801587301126,1.7843917525901683e-06,0.002843601895734597,0.1974176646706587,0.0006067648885100596
UREAtm,274.93134920634697,0.000260506494873667,0.002843601895734597,0.2291485664639444,0.0008895137954014592
GLNtN1,473.5999999999927,0.02609922929094121,0.1052132701421801,0.3784074605451937,0.0032993755636798404
DM_4mptnl(m),290.28650793650985,0.0005500174323877606,0.0009478672985781991,0.23237885462555066,0.0007384152504571116
DM_prgnlone(c),221.55476190475846,3.74181415541726e-06,0.0009478672985781991,0.1886623748211731,0.00041558414729292047
DM_nadph(c),431.98571428571023,0.02590771583644165,0.08909952606635071,0.33134422110552764,0.0032804394513887385
DM_atp(m),459.71190476190026,0.08446796252215641,0.1819905213270142,0.30544296467863347,0.0033402597419072842
sink_chsterol,221.55476190475846,3.74181415541726e-06,0.0009478672985781991,0.1886623748211731,0.00041558414729292036
DM_1a2425thvitd3,290.2865079365098,0.001099984292411975,0.0018957345971563982,0.23222540171692715,0.0012134359900583074
DM_1a2425thvitd2,290.2865079365098,0.001099984292411975,0.0018957345971563982,0.23222540171692715,0.0012134359900583108
sink_vitd3,222.5690476190441,7.536991981854058e-06,0.0018957345971563982,0.18900035829451808,0.0007395435783091513
sink_vitd2,221.81904761904417,3.7425097730191624e-06,0.0009478672985781991,0.18889883616830797,0.00041559350296190223
CKc,351.45238095238375,0.003379354933168356,0.022748815165876776,0.2937900306321359,0.002939203608844904
CREATtmdiffir,284.08809523809373,0.00012944597927608853,0.0018957345971563982,0.24443929564411493,0.001193097593668134
PCREATtmdiffir,284.08809523809373,0.00012944597927608853,0.0018957345971563982,0.24443929564411493,0.0011930975936681346
ALATA_L,373.51904761904865,0.0035960283975145536,0.021800947867298578,0.3090216754540129,0.002901371289042271
ALATA_Lm,367.76190476190493,0.014162959394560462,0.04265402843601896,0.2808091562416822,0.00314569662193024
ALAtN1,269.23809523809257,2.4630903977351216e-05,0.0018957345971563982,0.23644105782160466,0.0010086219393647374
DM_pchol_hs,297.2238095238089,0.00018880344789801347,0.0009478672985781991,0.2513700262091971,0.000737114728541358
PSDm_hs,435.5285714285668,0.07623671514372841,0.14028436018957346,0.30014224751066854,0.0033223737395524956
25HVITD2t_Int,257.221428571424,2.3114594966134054e-05,0.006635071090047393,0.22929797870028254,0.0016902036713993048
25HVITD2tin_Int,257.221428571424,2.3114594966134054e-05,0.006635071090047393,0.22929797870028254,0.0016902036713993048
25HVITD3t_Int,257.35476190475737,2.3114954172318766e-05,0.006635071090047393,0.2293976951511198,0.0016902152140577317
25HVITD3tin_Int,257.35476190475737,2.3114954172318766e-05,0.006635071090047393,0.2293976951511198,0.0016902152140577285
3AIBt_Int,228.82857142856622,5.796248908607116e-07,0.002843601895734597,0.20755459374385204,0.0006996184640073188
ABUTt2r_Int,470.8499999999925,0.02627758663997407,0.1004739336492891,0.377865329512894,0.0032978231170923485
ACACt2_Int,471.0166666666592,0.026305007698632664,0.1004739336492891,0.37800071658903617,0.0032980497915777486
ACALDt_Int,320.82142857142924,0.0009127915285733177,0.007582938388625593,0.2773396424815983,0.0023024648705245987
ACt2r_Int,470.3499999999925,0.02627462201230078,0.0995260663507109,0.3777300393841747,0.00329707713592299
ARGLYSex_Int,356.0500000000023,0.0012008177231885033,0.008530805687203791,0.3084795321637427,0.002092776240629112
ARGtiDF_Int,353.6333333333357,0.0006076068876743729,0.004739336492890996,0.30784943098920337,0.0017014229159360303
ASNt4_Int,375.2095238095231,0.0012597729259170734,0.017061611374407582,0.32253133598287986,0.0028138460199506553
BALAVECSEC_Int,481.0166666666596,0.027274790759530883,0.11184834123222749,0.3830791575889615,0.0033051255021361967
BHBt_Int,470.3499999999925,0.02627462201230078,0.0995260663507109,0.3777300393841747,0.0032970771359229433
BTNt2_Int,470.3499999999925,0.02627462201230078,0.0995260663507109,0.3777300393841747,0.0032970771359229533
BTNt4i_Int,470.3499999999925,0.02627462201230078,0.0995260663507109,0.3777300393841747,0.003297077135922973
CO2t_Int,329.2523809523824,0.0004356079995001968,0.005687203791469194,0.2851351351351351,0.0020520034890553693
CRNt_Int,219.8809523809481,1.6802264082400615e-06,0.002843601895734597,0.19793621013133209,0.0010522731133170583
CYANt_Int,248.48571428570892,3.422882220561261e-06,0.002843601895734597,0.22380144251166736,0.0007047092581638259
CYSGLUexR_Int,371.54285714285675,0.0007907418878462855,0.017061611374407582,0.3201820940819423,0.0027592263159441086
CYSGLYex_Int,333.2523809523824,0.0005847429116566564,0.015165876777251185,0.28459670892905314,0.002685069230785363
CYStec_Int,323.0452380952389,0.00020427897769579925,0.009478672985781991,0.2792482795129698,0.0023764180572151896
D-LACt2_Int,470.3499999999925,0.02627462201230078,0.0995260663507109,0.3777300393841747,0.003297077135922946
DGSNt_Int,251.54047619047114,3.573827711938498e-06,0.002843601895734597,0.22639484978540772,0.0007041109602439438
ETOHt_Int,318.5714285714291,0.0005382685335838993,0.004739336492890996,0.2767576075550892,0.0018886305378446515
FE2t_Int,327.31428571428603,0.0005906760504929607,0.0018957345971563982,0.27661248033560565,0.0010546548659153986
GLCt2r_Int,471.8499999999925,0.026353331137823843,0.1023696682464455,0.3781362007168459,0.00329988778577648
GLUt6_Int,489.59999999999303,0.02656062566069235,0.12132701421800948,0.3882959146117041,0.003316895997026412
GLYCt_Int,251.87380952380448,3.5738288443311374e-06,0.002843601895734597,0.2265893470790378,0.0007049653503371649
GLYt2r_Int,475.84999999999263,0.02631491580346857,0.1071090047393365,0.3801801801801802,0.0033044870235256177
H2O2t_Int,291.1023809523794,5.034066956555967e-05,0.0037914691943127963,0.25656614785992216,0.0015336982513943565
H2Ot_Int,381.84285714285704,0.004882815844629822,0.03222748815165877,0.3178668273576378,0.003075930613483504
Ht_Int,470.3499999999925,0.02627462201230078,0.0995260663507109,0.3777300393841747,0.0032970771359229854
ILEtec_Int,280.31428571428404,1.5223160766084337e-05,0.0037914691943127963,0.24946795932844645,0.0014286525655611006
Kt1r_Int,366.7095238095236,0.0007585220951659526,0.007582938388625593,0.319406600060551,0.0022807612543017963
L-LACt2r_Int,470.8499999999925,0.026289440250942177,0.1004739336492891,0.377865329512894,0.0032979539792892514
LEUtec_Int,280.31428571428404,1.522316135007008e-05,0.0037914691943127963,0.24946795932844645,0.0014286525653264101
LYStiDF_Int,353.8833333333357,0.0006094344031070894,0.004739336492890996,0.30802919708029197,0.0017014398100101357
NH4t3r_Int,472.0999999999926,0.026357557486346394,0.1014218009478673,0.3786791098348887,0.0032990351774443605
NaKt_Int,487.84999999999303,0.027377704003326987,0.12322274881516589,0.38545853123858237,0.0033149373942083955
O2St_Int,250.05238095237576,3.9658035394267085e-06,0.002843601895734597,0.22523484201537147,0.000881409192466494
O2t_Int,331.36190476190615,0.0006581779497699497,0.006635071090047393,0.28621812262615304,0.002201607728939358
ORNtiDF_Int,352.63333333333577,0.001183359669834457,0.0037914691943127963,0.3074905275429904,0.0016389515371633518
PEFLIP_Int,480.8499999999929,0.027269272587241742,0.11184834123222749,0.38294010889292196,0.0033051357359775895
PIt7_Int,417.21666666666073,0.005080689741517435,0.03696682464454976,0.35190126751167444,0.003115405579568053
PPAt_Int,235.77619047618455,1.1851691331948553e-06,0.002843601895734597,0.21253021756647864,0.0007032882407782422
PROt2r_Int,470.8499999999925,0.02628387815888989,0.1004739336492891,0.377865329512894,0.003297894385570101
PSFLIP_Int,480.8499999999929,0.027269272587241742,0.11184834123222749,0.38294010889292196,0.0033051357359776016
PYRt2r_Int,471.51666666665926,0.026298919981143448,0.1004739336492891,0.3784074605451937,0.0032980989167995145
SARCStex_Int,214.42738095237806,2.062218814814536e-06,0.0018957345971563982,0.1839260808926081,0.0006522068156514354
SERGLNexR_Int,372.34285714285676,0.0006736046843148893,0.017061611374407582,0.32076619033140774,0.002784926009457072
SERGLYexR_Int,339.23571428571626,0.00047148232756068995,0.016113744075829384,0.28825136612021857,0.0027463604206842502
SERt4_Int,380.3428571428559,0.0013212203994371308,0.023696682464454978,0.324515533681944,0.0029515380457339137
SO4HCOtex_Int,300.2071428571423,0.00019601691964616348,0.0037914691943127963,0.25245273988992584,0.0016458671365125537
TCYNTt_Int,248.48571428570892,3.422882220561261e-06,0.002843601895734597,0.22380144251166736,0.000704709258163827
VALtec_Int,280.31428571428404,1.5223160758680234e-05,0.0037914691943127963,0.24946795932844645,0.0014286525655658187
UREAt_Int,236.52261904761306,1.7852812128456484e-06,0.002843601895734597,0.21326056195674145,0.0007032290383463732
GLNtN1_Int,483.68333333332623,0.026446494177001737,0.1165876777251185,0.3840553330906443,0.0033132726195360626
ALAtN1_Int,281.09761904761734,2.4642453574770847e-05,0.002843601895734597,0.2504153809636838,0.0011736099231538276
EX_NACASPt_Int,176.40245310245382,1.823343575737679e-09,0.0009478672985781991,0.15444298052993705,0.0002892736466584461
DM_10fthf5glu_Neuron,217.70238095237815,5.464439791675282e-07,0.0009478672985781991,0.1836059867734076,0.0005326633242052414
DM_10fthf6glu_Neuron,217.75238095237813,5.46427724060665e-07,0.0009478672985781991,0.1836379460400348,0.0005326644325561569
DM_10fthf7glu_Neuron,217.45238095237818,2.7320745614636923e-07,0.0009478672985781991,0.18354210160055673,0.0004155918295051671
DM_5thf_Neuron,218.1857142857114,5.477110511924105e-07,0.0009478672985781991,0.18382993552883778,0.0005326727789046591
DM_6dhf_Neuron,217.6190476190448,5.464020994842756e-07,0.0009478672985781991,0.18357403862884983,0.0005326617930971738
DM_6thf_Neuron,217.75238095237813,5.464277835004498e-07,0.0009478672985781991,0.1836379460400348,0.0005326644358343861
DM_7dhf_Neuron,217.45238095237818,2.732074549443353e-07,0.0009478672985781991,0.18354210160055673,0.00041559182442093385
DM_7thf_Neuron,217.45238095237818,2.7320745614915856e-07,0.0009478672985781991,0.18354210160055673,0.00041559182951575604
DM_ahcys_Neuron,213.9222222222196,1.0068748102203789e-06,0.0009478672985781991,0.18180251594003102,0.0006199784146682673
DM_atp(c)_Neuron,417.6369047619015,0.001871144072870826,0.08341232227488152,0.3183464091732046,0.0032666907851949876
DM_fald_Neuron,206.0531746031727,1.3259180764722543e-07,0.0009478672985781991,0.1773705447209146,0.00041454139830566323
DM_for_Neuron,203.23849206349047,7.038545695094464e-08,0.0009478672985781991,0.17615628652529638,0.0004138445161321717
DM_pheme(c)_Neuron,212.2388888888864,2.520187018460525e-07,0.0009478672985781991,0.1811158798283262,0.00041522780454639023
DM_q10(m)_Neuron,309.85714285714334,0.000123096259053092,0.0037914691943127963,0.25384985563041385,0.001742985575818688
DM_thf(c)_Neuron,223.0257936507902,5.311393252037012e-07,0.0009478672985781991,0.18606701940035272,0.0006529193594295103
EX_pe_hs(e)_Neuron,358.39285714285745,0.0001995943958951412,0.0018957345971563982,0.31473747016706444,0.0012123115519444357
EX_ps_hs(e)_Neuron,358.39285714285745,0.0001995943958951412,0.0018957345971563982,0.31473747016706444,0.0012123115519444348
sink_4hpro-LT(m)_Neuron,275.9162698412678,3.755706669908926e-05,0.0009478672985781991,0.22131319488147683,0.0007375216027803518
sink_amet_Neuron,213.9222222222196,1.0068748102203789e-06,0.0009478672985781991,0.18180251594003102,0.0006199784146682672
sink_decdp_Neuron,181.33935786435845,2.076486062956699e-08,0.0009478672985781991,0.15694733710205297,0.0004038049979039837
sink_dhf(c)_Neuron,217.31904761904482,2.7318183353461675e-07,0.0009478672985781991,0.18347826086956523,0.0004155872782297186
sink_dmgly_Neuron,206.0531746031727,1.3259180764722543e-07,0.0009478672985781991,0.1773705447209146,0.0004145413983056632
sink_tyr-L(m)_Neuron,251.71031746031204,6.141498049851399e-06,0.0009478672985781991,0.21125350420504604,0.000726668132746817
10FTHF5GLUtm_Neuron,286.0972222222227,7.954219648453835e-05,0.002843601895734597,0.22485080988917305,0.0012145378277944499
10FTHF6GLUtm_Neuron,286.18055555555605,7.953983084551127e-05,0.002843601895734597,0.22489874227243659,0.0012145435900822084
10FTHF7GLUtm_Neuron,285.4305555555559,3.976898314347099e-05,0.0018957345971563982,0.22475500639113763,0.0007395317028879966
10FTHFtm_Neuron,291.9126984127004,9.022653584617432e-05,0.002843601895734597,0.227223777729916,0.0015409055449236227
"1a,24,25VITD2Hm_Neuron",430.4166666666628,0.005877140861120373,0.15639810426540285,0.2880939377389405,0.003323439530921033
"1a,24,25VITD3Hm_Neuron",430.4166666666628,0.005877140861120373,0.15639810426540285,0.2880939377389405,0.0033234395309210355
"1a,25VITD2Hm_Neuron",430.4166666666628,0.005877140861120373,0.15639810426540285,0.2880939377389405,0.003323439530921025
"1a,25VITD3Hm_Neuron",430.4166666666628,0.005877140861120373,0.15639810426540285,0.2880939377389405,0.003323439530921058
"24,25VITD2Hm_Neuron",431.61666666666287,0.005878254834734411,0.15734597156398106,0.288803722967424,0.0033241306542798506
"24,25VITD3Hm_Neuron",431.61666666666287,0.005878254861129665,0.15734597156398106,0.288803722967424,0.0033241311889606025
25HVITD2t_Neuron,252.27261904761403,2.0045633112085974e-06,0.004739336492890996,0.22399150743099788,0.001572983900778
25HVITD2tin_Neuron,252.27261904761403,2.0045633112085974e-06,0.004739336492890996,0.22399150743099788,0.0015729839007780023
25HVITD2tin_m_Neuron,292.5142857142872,0.00012200479060278163,0.005687203791469194,0.23612354521038495,0.0019393823680090214
25HVITD2tm_Neuron,292.5142857142872,0.00012200479060278163,0.005687203791469194,0.23612354521038495,0.0019393823680090214
25HVITD3t_Neuron,252.40595238094738,2.004594992456893e-06,0.004739336492890996,0.22408666100254884,0.0015729938979257866
25HVITD3tin_Neuron,252.40595238094738,2.004594992456893e-06,0.004739336492890996,0.22408666100254884,0.0015729938979257875
25HVITD3tin_m_Neuron,292.71428571428726,0.00012200672450154556,0.005687203791469194,0.23622928795342588,0.0019393975649118133
25HVITD3tm_Neuron,292.71428571428726,0.00012200672450154556,0.005687203791469194,0.23622928795342588,0.001939397564911816
25VITD2Hm_Neuron,431.61666666666287,0.005878254834734411,0.15734597156398106,0.288803722967424,0.0033241306542798606
25VITD3Hm_Neuron,431.61666666666287,0.005878254861129665,0.15734597156398106,0.288803722967424,0.0033241311889606225
2AMADPTm_Neuron,328.2880952380959,0.0003457413159599633,0.028436018957345974,0.2565037685387795,0.0030149319367479043
2OXOADOXm_Neuron,374.6952380952387,0.0023558940226699526,0.07677725118483412,0.27218782249742,0.003250044032645872
2OXOADPTm_Neuron,328.2880952380959,0.00032098129025531514,0.028436018957345974,0.2565037685387795,0.003014837948079406
34HPLFM_Neuron,416.72619047618656,0.005492273001105049,0.13649289099526066,0.2842899488008623,0.0033134115477910743
3AIBTm_Neuron,352.67142857142943,0.0009102689159917974,0.03886255924170616,0.26824307144673276,0.003113476327714404
3AIBt_Neuron,224.3285714285667,4.690587463909743e-08,0.0018957345971563982,0.20292363916137718,0.0006644517224034874
3AIBtm_Neuron,255.53888888888324,6.253469622292601e-06,0.0018957345971563982,0.21517438303079747,0.0008805828128037103
3DPHBH1_Neuron,433.6666666666628,0.00599633045635035,0.16208530805687205,0.28872468527640943,0.0033260657901366722
3DPHBH2_Neuron,430.6666666666628,0.005879591453530694,0.15639810426540285,0.28825136612021857,0.0033235892823249335
3HBCDm_Neuron,377.07142857142867,0.0027622760387734043,0.07677725118483412,0.27331606217616583,0.0032504630785382387
3HBCOAHLm_Neuron,440.64761904761514,0.006106831080227944,0.17440758293838862,0.2903137039075399,0.0033307992468327202
3SALAASPm_Neuron,327.914285714287,0.00016127933721430865,0.007582938388625593,0.2623073097961213,0.0023249618258468995
3SALATAim_Neuron,423.9499999999961,0.00549381849898612,0.14786729857819905,0.28606290672451196,0.003319475305316916
3SPYRSPm_Neuron,430.5333333333295,0.0058778446936378,0.15734597156398106,0.2877795962902346,0.0033239709608646616
4ABUTtm_Neuron,316.77023809523905,3.773938720868669e-05,0.0018957345971563982,0.2754569190600522,0.0012038783861826729
4HBZCOAFm_Neuron,441.64761904761514,0.006124511603643395,0.17630331753554504,0.2904735682819383,0.0033314632478867153
4HBZFm_Neuron,441.39761904761514,0.006109832583083501,0.17535545023696683,0.29055356651060316,0.0033311425832556994
4HGLSDm_Neuron,432.5333333333295,0.005991291616800416,0.16113744075829384,0.2880939377389405,0.003325640500410632
5AOPtm_Neuron,315.26428571428664,5.1532410950311765e-05,0.0018957345971563982,0.25687850012174335,0.0012105453975866777
5HOXINDACTOXm_Neuron,431.5333333333295,0.00598295938426108,0.15924170616113745,0.28793668122270744,0.003324841838739519
5THFtm_Neuron,287.0138888888896,7.972660055970024e-05,0.002843601895734597,0.22518676627534684,0.0012145869835183292
6DHFtm_Neuron,285.930555555556,7.95361015769659e-05,0.002843601895734597,0.22480289793309183,0.0012145298676536792
6THFtm_Neuron,286.18055555555605,7.953983949442357e-05,0.002843601895734597,0.22489874227243659,0.0012145436071256878
7DHFtm_Neuron,285.4305555555559,3.97689829685674e-05,0.0018957345971563982,0.22475500639113763,0.0007395316867887701
7THFtm_Neuron,285.4305555555559,3.976898314387678e-05,0.0018957345971563982,0.22475500639113763,0.0007395317029215281
AACOAT_Neuron,359.5369047619076,0.00026326986277606116,0.01990521327014218,0.2970994086172909,0.0028729415056339834
AACTOOR_Neuron,371.1035714285735,0.00038043735565123775,0.03317535545023697,0.3013424735789774,0.003067263421182728
AACTtm_Neuron,304.34047619047607,4.0539799889640566e-05,0.0018957345971563982,0.2510111824886985,0.0012035782284537766
AASAD3m_Neuron,432.0333333333295,0.005985318397317831,0.16018957345971566,0.28801528801528803,0.003325268216349632
AATAi_Neuron,345.82023809524077,0.00011260315297857443,0.01042654028436019,0.28983516483516486,0.0025125568733742124
ABTArm_Neuron,351.7880952380961,0.000897856024725191,0.037914691943127965,0.2678344757552678,0.0031076673153121294
ABUTt2r_Neuron,454.9095238095159,0.004627837003257899,0.08056872037914692,0.36862334032145355,0.0032701857721168983
ACACT10m_Neuron,317.9853174603241,0.0006742332741886153,0.034123222748815164,0.2334070796460177,0.003081024879199556
ACACT1r_Neuron,260.8182539682495,1.803452969668837e-06,0.0009478672985781991,0.2290988056460369,0.0007132284508221723
ACACT1rm_Neuron,316.1519841269908,0.0005981817946229148,0.03222748815165877,0.2329946996466431,0.0030638055646395193
ACACt2_Neuron,455.0761904761826,0.004629372165217393,0.08056872037914692,0.36875218455085634,0.0032707279515073297
ACACt2m_Neuron,476.20714285713905,0.006169418341705373,0.17345971563981044,0.33846647417388515,0.003333893594810247
ACALDt_Neuron,309.84642857142904,6.88663807903913e-05,0.006635071090047393,0.2689954105048445,0.0022114832123590537
ACALDtm_Neuron,320.032142857144,0.00010361035382394855,0.006635071090047393,0.25883218842001965,0.0022229701927697397
ACCOALm_Neuron,377.21904761904784,0.0018608440493870304,0.07962085308056872,0.2731745209735888,0.003253165976208236
ACOAD10m_Neuron,298.3841269841304,0.0001395188223557297,0.012322274881516588,0.22865192891200695,0.0026098556586087035
ACOAD1fm_Neuron,296.13412698412986,0.00014251976231911682,0.012322274881516588,0.22791099589544178,0.0026098015481915544
ACOAD8m_Neuron,302.21746031746466,0.000159553480843008,0.012322274881516588,0.22994768962510898,0.00261023294401548
ACOAD9m_Neuron,298.3841269841304,0.00013926321790655238,0.012322274881516588,0.22865192891200695,0.0026098474964918387
ACONTm_Neuron,294.41626984127237,7.012600936657108e-05,0.004739336492890996,0.22830556156676043,0.0019236198606542583
ACRNtm_Neuron,231.07103174602753,3.837588214057104e-06,0.0009478672985781991,0.18950961020298185,0.000723869185728719
ACSm_Neuron,376.50238095238126,0.0019068601509241979,0.07962085308056872,0.27268027914189713,0.003253646358979141
ACYP_Neuron,415.1369047619018,0.0018572008745814934,0.07962085308056872,0.317675398976212,0.003260538004675034
ACt2m_Neuron,475.04047619047236,0.006175843258908951,0.17156398104265402,0.33814102564102566,0.003333200182684223
ADCim_Neuron,419.5595238095198,0.0055217436737680006,0.14028436018957346,0.28544372294372294,0.0033155301552533086
ADK1_Neuron,336.43690476190693,0.00017718547105116,0.016113744075829384,0.2840603123317178,0.002794068389818419
ADK1m_Neuron,354.4785714285723,0.0011782498306365785,0.046445497630331754,0.2679705359410719,0.003159740106769753
ADK3m_Neuron,354.3119047619056,0.0010550954036260645,0.046445497630331754,0.2679024885728796,0.0031588326742491317
ADPRDPm_Neuron,429.92380952380563,0.005890148398960794,0.15545023696682464,0.2880939377389405,0.0033231701559802646
AGMTm_Neuron,377.454761904762,0.0027610981921699267,0.07677725118483412,0.27367055771725035,0.003250050637481666
AGPRim_Neuron,419.47619047618656,0.005520883869313722,0.14123222748815167,0.28482721382289417,0.0033162052546841414
AGTim_Neuron,333.5809523809534,0.00037528127116571904,0.015165876777251185,0.26302667663924206,0.0027619027655970776
AKGDm_Neuron,386.41904761904715,0.0025702716725464684,0.0966824644549763,0.2744536940686785,0.0032784753480478205
AKGMALtm_Neuron,348.004761904763,0.0003971987783922046,0.03601895734597157,0.2670886075949367,0.003087465094237103
ALASm_Neuron,432.59047619047215,0.005685487597665035,0.16113744075829384,0.288803722967424,0.003325446035538954
ALCD2if_Neuron,406.7369047619026,0.00178334532761593,0.06729857819905213,0.31549043062200954,0.0032361014463617487
ALCD2yf_Neuron,407.5702380952359,0.0017841385375055347,0.06824644549763033,0.31577372044298113,0.0032381654606036944
ALDD20xm_Neuron,431.5333333333295,0.00598295938426108,0.15924170616113745,0.28793668122270744,0.0033248418387395165
ALDD2x_Neuron,411.5202380952355,0.0018217147628100847,0.07488151658767772,0.31662665066026413,0.0032518271547266617
ALDD2xm_Neuron,432.9166666666628,0.005996675666039902,0.16113744075829384,0.28848783155592017,0.0033256932871425877
ALDD2y_Neuron,412.3535714285687,0.0018225079726996894,0.07582938388625593,0.3169119855812556,0.0032535169750241674
ALR_Neuron,412.0535714285688,0.0018228527784067729,0.07488151658767772,0.31681681681681684,0.0032521831898993784
AMETt2m_Neuron,279.2329365079353,0.00014656627221279673,0.005687203791469194,0.22215203200673825,0.0017890387635788208
AOBUTDsm_Neuron,419.5595238095198,0.005522238581529249,0.14028436018957346,0.28544372294372294,0.003315424032594902
APAT2rm_Neuron,352.2880952380961,0.0009139081862994392,0.03886255924170616,0.2679024885728796,0.0031151209470758577
APOC_LYS_BTNPm_Neuron,376.5714285714287,0.0027599962824559746,0.07582938388625593,0.27324527324527326,0.003248814160030425
APOCFm_Neuron,427.0333333333295,0.005836647332635136,0.15071090047393365,0.2872311462020147,0.003320934201136705
ARGDCm_Neuron,419.44999999999595,0.0055357883825850685,0.13933649289099526,0.28583039826605255,0.00331504263119684
ARGtiDF_Neuron,342.9309523809548,5.461154118651733e-05,0.002843601895734597,0.29810680983328625,0.0013944733759467633
ARGtm_Neuron,475.7238095238057,0.0061632044939484345,0.17156398104265402,0.33890138130420816,0.0033333996362061623
ASNNm_Neuron,382.57142857142816,0.0028613974202765487,0.08341232227488152,0.27509778357235987,0.0032610053974170485
ASNt4_Neuron,372.20952380952343,0.0006799109348742924,0.013270142180094787,0.321548308442548,0.0026707246292865076
ASNtm_Neuron,313.40357142857215,2.428408553544704e-05,0.0018957345971563982,0.2743823146944083,0.0011855267379390513
ASPGLUm_Neuron,489.2309523809486,0.006311239927124203,0.1943127962085308,0.3427550357374919,0.0033405293034892564
ASPNATm_Neuron,428.0904761904722,0.00562322766647718,0.15545023696682464,0.2870748299319728,0.003322984117146382
ASPTA_Neuron,348.2369047619074,0.0001263422049512155,0.013270142180094787,0.290633608815427,0.0026592561166576367
ASPTAm_Neuron,354.42142857142943,0.0009968196874823021,0.04170616113744076,0.2684478371501272,0.0031336138899830048
ATPS4m_Neuron,505.83809523809146,0.006966372634715273,0.22559241706161137,0.34681130834976986,0.0033480899238840455
ATPtm_Neuron,394.9261904761899,0.0012697957927615478,0.06066350710900474,0.31002057008521894,0.003214281839150603
BACCLm_Neuron,426.9499999999961,0.00557476522173978,0.15260663507109004,0.2867627072574069,0.0033217113279914545
BALAVECSEC_Neuron,457.2595238095162,0.002055856860647289,0.08530805687203792,0.36810886252616887,0.0032698197381869198
BALAtmr_Neuron,343.7702380952408,6.150102256661884e-05,0.002843601895734597,0.2903137039075399,0.0015373366308903576
BAMPPALDOXm_Neuron,432.5333333333295,0.005989614029114792,0.16113744075829384,0.2880939377389405,0.003325591763927861
BDHm_Neuron,416.55952380951993,0.00547204593022628,0.13649289099526066,0.2842133620689655,0.003313367600091258
BETALDHxm_Neuron,431.5333333333295,0.00598295938426108,0.15924170616113745,0.28793668122270744,0.003324841838739529
BHBt_Neuron,454.4095238095159,0.004627580983304687,0.07962085308056872,0.36849458609849806,0.003269281164427129
BHBtm_Neuron,474.54047619047236,0.006162832877248356,0.17061611374407584,0.33803268183274593,0.00333285260743364
BTNDm_Neuron,378.12142857142857,0.002845538435378686,0.07772511848341232,0.27395481693066737,0.0032523695261179367
BTNPLm_Neuron,414.44999999999624,0.005393272134049772,0.13175355450236967,0.2842899488008623,0.00331054977432244
BTNt2_Neuron,454.4095238095159,0.004627580983304687,0.07962085308056872,0.36849458609849806,0.0032692811644271075
BTNt2m_Neuron,475.04047619047236,0.006182247638672061,0.17156398104265402,0.33814102564102566,0.0033331961750195363
BTNt4i_Neuron,454.4095238095159,0.004627580983304687,0.07962085308056872,0.36849458609849806,0.0032692811644271266
C160CPT2_Neuron,316.3210317460382,0.000556074858079888,0.03127962085308057,0.23371732388125832,0.0030447609522418267
C160CRNt_Neuron,230.90436507936084,3.820353764872685e-06,0.0009478672985781991,0.18947557471264367,0.0007233623573670995
C204CPT2_Neuron,315.8210317460382,0.0005560487879945023,0.03033175355450237,0.2336655592469546,0.003044199203219743
C226CPT2_Neuron,315.8210317460382,0.0005560487879945023,0.03033175355450237,0.2336655592469546,0.003044199203219745
C2M26DCOAHLm_Neuron,376.0714285714288,0.002723202014841994,0.07488151658767772,0.2731745209735888,0.0032470280877174907
CATm_Neuron,379.2285714285713,0.0027710034436123437,0.07867298578199053,0.2745965642894326,0.003253660351776354
CBLATm_Neuron,425.1999999999961,0.005549706276579001,0.14976303317535544,0.28637350705754616,0.0033203793039537723
CDPDAGtm_Neuron,275.78174603174404,3.690681315240493e-05,0.0009478672985781991,0.22154556908861822,0.0007374340079808857
CDSm_Neuron,415.1999999999961,0.005372862674492111,0.13270142180094788,0.28451995685005393,0.0033106713025318458
CHSTEROLt3_Neuron,282.53888888888855,4.03752230608367e-05,0.0018957345971563982,0.22399150743099788,0.0007391759738123984
CITRtm_Neuron,306.5238095238098,4.235877844211507e-05,0.0009478672985781991,0.2530582873590789,0.000738571120746096
CITtam_Neuron,331.4976190476202,0.0001376296411846922,0.011374407582938388,0.2630922693266833,0.002566641683781565
CITtbm_Neuron,325.2892857142869,5.8285664586073485e-05,0.005687203791469194,0.26113861386138615,0.002061039814535963
CK_Neuron,354.4785714285723,0.0011013906164663643,0.046445497630331754,0.2679705359410719,0.0031555174718971963
CO2t_Neuron,319.0452380952392,3.3399538576186575e-05,0.005687203791469194,0.276395074665968,0.0020692898755632497
CO2tm_Neuron,344.7190476190483,0.0006422126893656859,0.026540284360189573,0.2689954105048445,0.003003702113733492
COQ3m_Neuron,412.89285714285353,0.00532362353488532,0.12890995260663507,0.2837547068316299,0.003308457754030195
COQ5m_Neuron,412.3928571428536,0.005341348872369059,0.1279620853080569,0.2836784081742404,0.003308059439670401
COQ6m_Neuron,379.6785714285712,0.0028446816099516304,0.07962085308056872,0.27452511059068435,0.0032554752008776616
COQ7m_Neuron,429.9166666666628,0.005876589950675136,0.15545023696682464,0.28801528801528803,0.003323159693086669
COUCOAFm_Neuron,375.3357142857147,0.0018402549183190687,0.07772511848341232,0.2724690082644628,0.0032503334353466357
CPPPGO_Neuron,414.9202380952352,0.0018320362977362367,0.07962085308056872,0.3179626280892104,0.003259374720793851
CRNt_Neuron,216.49047619047235,1.4649614324410985e-07,0.0018957345971563982,0.19400514895182053,0.0009391084239247085
CRNtim_Neuron,243.27063492062925,1.9657732632718647e-05,0.005687203791469194,0.2023786687128333,0.0020092007137003693
CSNAT2m_Neuron,318.15436507937153,0.0006343999208076286,0.03317535545023697,0.2341322680869951,0.003071556842138025
CSNATm_Neuron,316.8210317460382,0.0005585834361733885,0.03222748815165877,0.23376911145579438,0.0030537607577928493
CSm_Neuron,443.8142857142818,0.006119863607130973,0.18009478672985782,0.29087400055141993,0.003332730315154242
CYANSTm_Neuron,414.9928571428533,0.0053248688729528966,0.13175355450236967,0.2846735024284943,0.0033105223709181176
CYANt_Neuron,243.88452380951827,2.745743266057164e-07,0.0018957345971563982,0.21874352063031308,0.000668777698526033
CYANtm_Neuron,282.3920634920625,3.6578948298530014e-05,0.0018957345971563982,0.23095446584938703,0.0008905148436947086
CYOOm2_Neuron,489.89761904761525,0.006688910183061179,0.1971563981042654,0.3424212917883804,0.003341247555602742
CYOR-u10m_Neuron,476.04047619047236,0.006169752061764796,0.17345971563981044,0.33835792174470813,0.003333764602001296
CYSGLUexR_Neuron,361.8428571428573,0.0002447306071750587,0.01042654028436019,0.31473747016706444,0.002473062426988356
CYSGLYexR_Neuron,362.40952380952376,0.00020981330704742955,0.009478672985781991,0.3162470023980815,0.002412244397785317
CYSO_Neuron,409.85357142856896,0.001794306193968399,0.07109004739336493,0.31643671265746853,0.003245429302514981
CYSTAm_Neuron,350.6214285714295,0.0008565065804904704,0.03601895734597157,0.2676306443429731,0.003096565779666387
CYStec_Neuron,315.36904761904856,2.613719957223437e-05,0.005687203791469194,0.275169535732916,0.0020250612454408585
CYTK1m_Neuron,353.4785714285723,0.00110127082359941,0.04454976303317536,0.2678344757552678,0.0031502672794039887
D-LACt2_Neuron,454.4095238095159,0.004627580983304687,0.07962085308056872,0.36849458609849806,0.0032692811644271145
D-LACtm_Neuron,474.54047619047236,0.006162832877248354,0.17061611374407584,0.33803268183274593,0.0033328526074336176
DDPGAm_Neuron,327.1142857142869,0.00020383134522494468,0.009478672985781991,0.261073991586241,0.0024826408584599237
DECDPtm_Neuron,224.2567460317425,3.02226771618688e-06,0.0018957345971563982,0.18613267466478475,0.0007030159417266562
DGNSKm_Neuron,426.54999999999615,0.0055571655945161075,0.15165876777251186,0.2868406742794997,0.003321336994256171
DGSNt_Neuron,247.09285714285193,2.8656777866336946e-07,0.0018957345971563982,0.22122038163136926,0.0006684837249941938
DGSNtm_Neuron,287.08492063492076,3.817500187072298e-05,0.0018957345971563982,0.23345872980747953,0.0008905721181946906
DHDPBMTm_Neuron,411.89285714285364,0.005321939600408767,0.12701421800947868,0.28360215053763443,0.0033074268509797663
DHFtm_Neuron,285.1805555555558,3.976525416079068e-05,0.0018957345971563982,0.22465928449744463,0.0007395172913940228
DMGDHm_Neuron,384.07142857142804,0.0028090173757191724,0.08815165876777252,0.2745965642894326,0.0032647272061714127
DMGtm_Neuron,264.2841269841221,1.929854185271419e-05,0.0018957345971563982,0.21557008581937065,0.0007362120519279729
DPGM_Neuron,405.55357142856946,0.0017860453765933283,0.06635071090047394,0.31473747016706444,0.0032346610145443377
DPGase_Neuron,372.2869047619067,0.0003926540549739312,0.035071090047393366,0.30117042534970023,0.00309150063069071
DPHMBDCm_Neuron,419.0595238095198,0.0055363586631839825,0.13933649289099526,0.2853665133892345,0.0033150373648522173
DURIK1m_Neuron,426.1999999999961,0.005580199623816963,0.15165876777251186,0.28652906029331887,0.0033212822500337602
DUTPDPm_Neuron,430.67380952380563,0.005888342602795231,0.15639810426540285,0.2883301448483192,0.003323576975138971
ECOAH12m_Neuron,376.5714285714287,0.0027241522463517676,0.07582938388625593,0.27324527324527326,0.0032487227195637206
ECOAH1m_Neuron,377.57142857142867,0.0027997489069841873,0.07772511848341232,0.2733868877947655,0.003252169072996856
ECOAH9m_Neuron,377.07142857142867,0.0027616130275155176,0.07677725118483412,0.27331606217616583,0.0032504693602848434
EHGLAT2m_Neuron,329.06428571428694,0.00027970914388510116,0.01042654028436019,0.2619816240377452,0.0025427090343835878
EHGLATm_Neuron,352.6214285714295,0.0009415552288216646,0.03981042654028436,0.2679024885728796,0.0031220228975294886
ENO_Neuron,352.4035714285745,0.0003013532263002457,0.029383886255924172,0.28999450247388675,0.0030346143450355263
ETF_Neuron,295.80079365079644,0.00010541445052593152,0.011374407582938388,0.22791099589544178,0.0025464590916202353
ETFQO_Neuron,312.20714285714354,0.00012381551641744247,0.004739336492890996,0.2547693793769621,0.0019166396045197358
ETOHMO_Neuron,414.5369047619019,0.0018282563686332909,0.07867298578199053,0.3178668273576378,0.0032582055352195524
ETOHt_Neuron,307.596428571429,4.0635669051333236e-05,0.0037914691943127963,0.2684478371501272,0.0017411183414976718
FALDtm_Neuron,264.2841269841221,1.929854185271419e-05,0.0018957345971563982,0.21557008581937065,0.0007362120519279717
FBA_Neuron,290.8714285714279,2.606159373401263e-05,0.006635071090047393,0.24359270376356498,0.002066977338576565
FCLTm_Neuron,412.3928571428536,0.0053403428929157774,0.1279620853080569,0.2836784081742404,0.0033077909558258127
FE2tm_Neuron,475.45714285713905,0.006163148732281899,0.17156398104265402,0.33846647417388515,0.003333347017855234
FORt2m_Neuron,258.9234126984071,1.0244786350110952e-05,0.0018957345971563982,0.2137791286727457,0.0007340169068488371
FPGS2m_Neuron,440.59047619047243,0.005789472507688324,0.17535545023696683,0.2896760021965953,0.003331085368361671
FPGS3m_Neuron,440.59047619047243,0.005789199877211501,0.17535545023696683,0.2896760021965953,0.0033310341002174017
FPGS4m_Neuron,439.92380952380574,0.005788657152612397,0.17440758293838862,0.28951701427003296,0.0033307417355254556
FPGS5m_Neuron,439.92380952380574,0.005788928508518774,0.17440758293838862,0.28951701427003296,0.0033307938813031826
FPGS6m_Neuron,440.59047619047243,0.005789199851701581,0.17535545023696683,0.2896760021965953,0.003331033772912059
FPGS7m_Neuron,440.42380952380574,0.00578954417098661,0.17535545023696683,0.28959648641229757,0.0033310607216269703
FPGS8m_Neuron,440.59047619047243,0.005789471249204956,0.17535545023696683,0.2896760021965953,0.0033310851079622087
FPGS9m_Neuron,440.59047619047243,0.0057891998771524645,0.17535545023696683,0.2896760021965953,0.003331034099537142
FPGSm_Neuron,442.9238095238058,0.005816381635583372,0.17914691943127964,0.2901540154015402,0.0033324399307940113
FTHFLm_Neuron,369.3285714285721,0.0014912312677256402,0.06540284360189573,0.27169714138552664,0.00322199784630152
FUMSO3tm_Neuron,324.14642857142985,0.00011964561261650886,0.008530805687203791,0.259980285855101,0.0023809748235777473
FUMSO4tm_Neuron,313.48333333333414,4.269229088206162e-05,0.006635071090047393,0.2549540840985984,0.002183805943072566
FUMTSULtm_Neuron,310.22976190476203,6.673679081208359e-05,0.006635071090047393,0.25227164036346245,0.002184287824281869
FUMm_Neuron,385.03809523809457,0.0027973076970994443,0.08720379146919431,0.2758169934640523,0.00326612346112566
FUMtm_Neuron,390.04523809523783,0.0010928325426443248,0.047393364928909956,0.3093841642228739,0.0031674852019870684
G3PD2m_Neuron,297.5507936507969,0.00010484152434497329,0.012322274881516588,0.22850335715832792,0.0025873734318063424
G5SDym_Neuron,420.47619047618656,0.005538046786843608,0.14312796208530806,0.28498109130199895,0.003317233705057465
G6PDH2r_Neuron,405.8869047619027,0.0017829412188914468,0.06635071090047394,0.31492537313432833,0.0032342784157637053
GAPD_Neuron,412.5535714285687,0.0018218081111115094,0.07582938388625593,0.3169119855812556,0.0032517419361581036
GCALDDm_Neuron,431.5333333333295,0.00598295938426108,0.15924170616113745,0.28793668122270744,0.003324841838739539
GCC2am_Neuron,422.4761904761865,0.005550482685290325,0.14407582938388627,0.2862957937584803,0.0033176247248709228
GCC2bim_Neuron,333.76547619047716,0.00032646103483825105,0.013270142180094787,0.26302667663924206,0.0026854159913847694
GCC2cm_Neuron,416.05952380951993,0.005469478954678231,0.13554502369668248,0.2841368165903582,0.0033128354960267697
GCCam_Neuron,422.4761904761865,0.005550482685290325,0.14407582938388627,0.2862957937584803,0.0033176247248709115
GCCbim_Neuron,333.76547619047716,0.00032646103483825105,0.013270142180094787,0.26302667663924206,0.0026854159913847846
GCCcm_Neuron,416.05952380951993,0.005469478954678231,0.13554502369668248,0.2841368165903582,0.0033128354960267545
GHMT2rm_Neuron,385.4880952380945,0.0029470741110964828,0.08909952606635071,0.2752413253326376,0.0032695343241447112
GHMT3m_Neuron,414.4761904761867,0.005352245583126401,0.13080568720379146,0.2842899488008623,0.0033099691006951417
GLACOm_Neuron,431.5333333333295,0.00598295938426108,0.15924170616113745,0.28793668122270744,0.003324841838739557
GLNtm_Neuron,337.77023809524053,5.982836890144776e-05,0.0037914691943127963,0.2877795962902346,0.0017418740860617192
GLU5Km_Neuron,369.73571428571495,0.0015371803750196455,0.06635071090047394,0.2719773137406548,0.0032269492123426337
GLUDxm_Neuron,443.25714285713906,0.00610364751011692,0.17914691943127964,0.2904735682819383,0.0033325114703832612
GLUDym_Neuron,440.75714285713906,0.006008230449617596,0.17440758293838862,0.29007423700852353,0.0033308213230406163
GLUNm_Neuron,397.16190476190275,0.0033470585314292547,0.1042654028436019,0.2788791964049696,0.0032876310765673146
GLUTCOADHm_Neuron,425.72619047618656,0.0055848575498984344,0.14976303317535544,0.2868406742794997,0.00332016486374699
GLUVESSEC_Neuron,459.77619047618276,0.002056071850343746,0.09004739336492891,0.36926846342317116,0.0032763316650113133
GLUt2m_Neuron,487.56428571428194,0.006288708644742374,0.19146919431279621,0.34231018818948733,0.0033397506759235787
GLYATm_Neuron,335.083333333334,0.0007346390596640221,0.037914691943127965,0.2560058238291677,0.0031095871002250557
GLYCLTDym_Neuron,413.55952380952016,0.005354463600612708,0.13080568720379146,0.2837547068316299,0.0033098804676914644
GLYCt_Neuron,247.28333333332813,2.865677863671132e-07,0.0018957345971563982,0.22140608604407136,0.0006689974403862037
GLYCtm_Neuron,287.19206349206365,3.8175001870775385e-05,0.0018957345971563982,0.23361381753764393,0.0008910293002830855
GLYKm_Neuron,426.58333333332945,0.005557165594516108,0.15165876777251186,0.2869186837095458,0.0033213764702706094
GLYOXm_Neuron,427.0333333333295,0.005836647332635136,0.15071090047393365,0.2872311462020147,0.0033209342011366726
GLYtm_Neuron,339.36190476190694,0.0001851736048743337,0.009478672985781991,0.28567560249119955,0.002476025842287079
GND_Neuron,301.3333333333325,0.00011652718307982087,0.013270142180094787,0.24946795932844645,0.002643766468183271
GTHOm_Neuron,413.0595238095202,0.005369598408763707,0.12985781990521328,0.2836784081742404,0.003309330414822464
GTHPm_Neuron,378.345238095238,0.002797266598226066,0.07772511848341232,0.2741683991683992,0.0032520729651793843
H2CO3Dm_Neuron,388.7380952380942,0.003275983245373925,0.09573459715639811,0.27588912133891214,0.003278304871046299
H2O2t_Neuron,282.96547619047453,3.4852482218663017e-06,0.002843601895734597,0.24982240113663273,0.0013849531004755805
H2O2tm_Neuron,309.7059523809526,7.803687333956548e-05,0.004739336492890996,0.2536057692307692,0.0019023062998301855
H2Ot_Neuron,367.5238095238115,0.00032115175607926716,0.026540284360189573,0.3074905275429904,0.0030073906188592564
H2Otm_Neuron,422.7357142857109,0.0029909585643625534,0.1004739336492891,0.31815440289505426,0.0032860774557642563
HACD1m_Neuron,417.0595238095199,0.0054927217515707265,0.13744075829383887,0.2842899488008623,0.003313932177921893
HACD9m_Neuron,416.55952380951993,0.005490694627085658,0.13649289099526066,0.2842133620689655,0.003313399372494377
HBZOPT10m_Neuron,299.4103174603211,0.0004399050712513701,0.014218009478672987,0.2285528596187175,0.0026994717242382078
HCO3Em_Neuron,434.03333333332944,0.006010304995700531,0.16208530805687205,0.2891203069334064,0.003326061238965103
HEX1_Neuron,409.8869047619024,0.0018010829429259058,0.07298578199052133,0.3158682634730539,0.0032482141366529786
HIBDm_Neuron,416.44999999999607,0.005473462127857609,0.13554502369668248,0.28459670892905314,0.003312863384186578
HMBS_Neuron,366.5869047619073,0.00036192118946140785,0.027488151658767772,0.2997159090909091,0.003018557121408439
HMGCOASim_Neuron,441.64761904761514,0.0061116253627722565,0.17630331753554504,0.2904735682819383,0.00333144770433417
HMGLm_Neuron,332.1464285714296,0.00036766586007296455,0.015165876777251185,0.26237254414324795,0.002764931791002572
HPROxm_Neuron,416.05952380951993,0.005467507897116328,0.13554502369668248,0.2841368165903582,0.0033124375199954557
Ht_Neuron,454.4095238095159,0.004627580983304687,0.07962085308056872,0.36849458609849806,0.0032692811644271366
Htm_Neuron,474.54047619047236,0.006162832877248354,0.17061611374407584,0.33803268183274593,0.003332852607433669
ICDHxm_Neuron,373.0047619047626,0.0022236979862292595,0.07488151658767772,0.2714175456650373,0.0032461442774410544
ICDHyrm_Neuron,365.80476190476253,0.0016689159762385828,0.06255924170616114,0.2710688591983556,0.003217762388243707
ILETA_Neuron,347.20357142857415,0.00011265566077885615,0.012322274881516588,0.2903137039075399,0.0025683113636738473
ILETAm_Neuron,352.17142857142943,0.0008726590881813215,0.037914691943127965,0.26817488561260805,0.0031082427733530042
ILEt5m_Neuron,271.37261904761607,6.774335440124747e-06,0.002843601895734597,0.23356209873810052,0.0013785285151225164
ILEtec_Neuron,270.32857142857006,9.23326136033204e-07,0.002843601895734597,0.24092258506508335,0.0012887384638314667
IMACTD_m_Neuron,431.5333333333295,0.00598295938426108,0.15924170616113745,0.28793668122270744,0.0033248418387395594
ITCOAL1m_Neuron,363.67857142857224,0.0013973410403961386,0.055924170616113746,0.27058220056424725,0.0031978385575438866
ITCOALm_Neuron,378.18571428571437,0.0018732436867975513,0.07962085308056872,0.27367055771725035,0.003254039321346993
Kt1r_Neuron,364.54285714285703,0.0003918657335198248,0.004739336492890996,0.3187311178247734,0.0019094303368292662
L-LACt2r_Neuron,454.4095238095159,0.004627580983304687,0.07962085308056872,0.36849458609849806,0.003269281164427151
L-LACtm_Neuron,474.54047619047236,0.006162832877248354,0.17061611374407584,0.33803268183274593,0.00333285260743361
LCADi_Dm_Neuron,431.5333333333295,0.00598295938426108,0.15924170616113745,0.28793668122270744,0.0033248418387395377
LCADim_Neuron,431.5333333333295,0.00598295938426108,0.15924170616113745,0.28793668122270744,0.003324841838739553
LCYSTATm_Neuron,351.1214285714295,0.0008938472607879813,0.03696682464454976,0.2676985536665821,0.0031037195710843
LDH_L_Neuron,405.6369047619027,0.0017834137319370632,0.06540284360189573,0.3150194087787399,0.0032325098691610215
LDH_Lm_Neuron,417.5595238095199,0.005489660952862809,0.13838862559241707,0.284366576819407,0.00331444780296177
LEUTA_Neuron,347.20357142857415,0.00011265566082291933,0.012322274881516588,0.2903137039075399,0.0025683113635646937
LEUTAm_Neuron,352.17142857142943,0.0008726600208488643,0.037914691943127965,0.26817488561260805,0.0031082427729812335
LEUt5m_Neuron,271.37261904761607,6.774341848663412e-06,0.002843601895734597,0.23356209873810052,0.001378528514907636
LEUtec_Neuron,270.32857142857006,9.233261843429991e-07,0.002843601895734597,0.24092258506508335,0.0012887384636557757
LSOProd_Neuron,331.88928571428687,0.0007673707495179393,0.021800947867298578,0.2618515760734674,0.0029290700898323536
LYStiDF_Neuron,343.09761904762144,5.475736786362016e-05,0.002843601895734597,0.29819106840022613,0.0013944858361113336
LYStm_Neuron,476.2238095238057,0.006182620249685415,0.17251184834123223,0.3390102827763496,0.003333739293326514
MALSO3tm_Neuron,331.7214285714297,0.00018469313982668012,0.012322274881516588,0.2630922693266833,0.0026335632633520995
MALSO4tm_Neuron,329.94047619047745,0.00010773981809223284,0.01042654028436019,0.2621769383697813,0.002524200832767947
MALTSULtm_Neuron,329.0047619047631,0.0001317843180222548,0.01042654028436019,0.26211180124223604,0.0025243653615055484
MALtm_Neuron,392.87857142857087,0.0011578800698544963,0.05118483412322275,0.31020288150543956,0.0031842257413694616
MCCCrm_Neuron,431.3666666666628,0.005698401032160398,0.16113744075829384,0.2873876327976028,0.0033256332709905635
MDH_Neuron,409.22023809523574,0.0017975985598439996,0.07203791469194314,0.3156792339916218,0.003246309511210403
MDHm_Neuron,420.72619047618656,0.005521062081729331,0.14407582938388627,0.28490413178503915,0.0033175702880969193
ME2m_Neuron,362.8476190476198,0.0016968273239288787,0.05687203791469195,0.27072106748781116,0.003201296899067926
MECOALm_Neuron,378.18571428571437,0.0018732436867975513,0.07962085308056872,0.27367055771725035,0.0032540393213469883
MECOAS1m_Neuron,363.67857142857224,0.0013973410403961386,0.055924170616113746,0.27058220056424725,0.0031978385575438784
MGCHrm_Neuron,377.07142857142867,0.002764586705623552,0.07677725118483412,0.27331606217616583,0.0032504861379928957
MMCDm_Neuron,421.8404761904721,0.005540729335898336,0.14312796208530806,0.28660690029883185,0.0033169836780870656
MMEm_Neuron,286.00198412698455,7.782278868134873e-05,0.002843601895734597,0.22504266211604096,0.001496002202841124
MMMm_Neuron,293.800793650796,8.263946944273134e-05,0.005687203791469194,0.22761596548004315,0.002064357292076237
MMSAD1m_Neuron,374.5523809523815,0.0024004650976617013,0.07867298578199053,0.2717671303451829,0.0032533619580269904
MMSAD3m_Neuron,373.66190476190536,0.0023624477133240636,0.07772511848341232,0.27127796348675753,0.003251608002528694
MTHFCm_Neuron,428.7833333333295,0.005854046275156071,0.15355450236966825,0.2876226826608506,0.0033221835093067984
MTHFDm_Neuron,340.35714285714374,0.0009686456899146577,0.027488151658767772,0.2641462193289935,0.0030182389703106716
NABTNOm_Neuron,431.5333333333295,0.00598295938426108,0.15924170616113745,0.28793668122270744,0.0033248418387395434
NADH2-u10m_Neuron,480.04047619047236,0.006310828863350851,0.18104265402843603,0.3392282958199357,0.0033363486538797783
NDPK10m_Neuron,353.4785714285723,0.00110127082359941,0.04454976303317536,0.2678344757552678,0.0031502672794040086
NDPK1m_Neuron,355.4785714285723,0.0011308095201156942,0.04834123222748815,0.2681067344345616,0.0031675190845278016
NDPK2m_Neuron,353.4785714285723,0.00110127082359941,0.04454976303317536,0.2678344757552678,0.003150267279403988
NDPK3m_Neuron,354.14523809523894,0.0011379258247853205,0.04549763033175355,0.2679705359410719,0.003155097226764517
NDPK4m_Neuron,353.9785714285723,0.001103913504480925,0.04549763033175355,0.2679024885728796,0.0031547170443099806
NDPK5m_Neuron,353.9785714285723,0.001103913504480925,0.04549763033175355,0.2679024885728796,0.0031547170443099893
NDPK6m_Neuron,353.9785714285723,0.0011414432418467909,0.04549763033175355,0.2679024885728796,0.003155102601623697
NDPK7m_Neuron,353.9785714285723,0.001103913504480925,0.04549763033175355,0.2679024885728796,0.0031547170443099845
NDPK8m_Neuron,354.4785714285723,0.001104541193334871,0.046445497630331754,0.2679705359410719,0.0031586669874197337
NDPK9m_Neuron,353.4785714285723,0.00110127082359941,0.04454976303317536,0.2678344757552678,0.0031502672794040116
NH4t3r_Neuron,455.909523809516,0.004632632791305535,0.08151658767772513,0.36913925822253324,0.003272176616461543
NMNATm_Neuron,430.9499999999961,0.005701662511942016,0.16018957345971566,0.2873876327976028,0.0033251275881047418
NNATm_Neuron,426.4499999999961,0.005555350460316072,0.15165876777251186,0.2866847826086957,0.003321259412356919
NTD1m_Neuron,392.3380952380938,0.003414144404008582,0.0985781990521327,0.27726675427069647,0.003281867437417555
NTD2m_Neuron,391.8380952380938,0.0033760746471922336,0.09763033175355451,0.2771939043615344,0.0032807936926548295
NTD5m_Neuron,392.83809523809373,0.003422090920643624,0.0995260663507109,0.2773396424815983,0.0032829063217086783
NaKt_Neuron,466.9095238095163,0.00249895630199009,0.09573459715639811,0.3739808578518256,0.00328717113621365
O2St_Neuron,245.35595238094692,3.1843918529660324e-07,0.0018957345971563982,0.22011266430210724,0.0008126107041661777
O2Stm_Neuron,284.3492063492059,4.242632936325765e-05,0.002843601895734597,0.23197009674582234,0.0013196837330862537
O2t_Neuron,320.11071428571506,4.9631463357653393e-05,0.005687203791469194,0.2776315789473684,0.0020963339895575606
O2tm_Neuron,337.35952380952494,0.0007526185819690605,0.023696682464454978,0.2666835187057634,0.0029659401197334235
OCOAT1m_Neuron,335.6309523809534,0.0003350434504685063,0.014218009478672987,0.2641462193289935,0.0027256485551350987
OIVD1m_Neuron,373.9619047619054,0.002360746474719371,0.07772511848341232,0.27148739063304167,0.0032516663226051434
OIVD2m_Neuron,373.9619047619054,0.0023606080415759945,0.07772511848341232,0.27148739063304167,0.0032516662057157407
OIVD3m_Neuron,373.9619047619054,0.0023606097857991203,0.07772511848341232,0.27148739063304167,0.003251666185521382
ORNTArm_Neuron,352.6214285714294,0.0009784265592520742,0.03886255924170616,0.26817488561260805,0.0031172562170239224
ORNt3m_Neuron,475.8404761904724,0.006170140061282268,0.17251184834123223,0.33857509627727855,0.0033335924976317407
ORNt4m_Neuron,476.3404761904724,0.0061704288911553174,0.17345971563981044,0.33868378812199035,0.0033337139538484363
ORNtiDF_Neuron,342.04761904762137,9.276576092198753e-05,0.002843601895734597,0.29743445164928106,0.0014688969432712993
P45011A1m_Neuron,431.7499999999962,0.005877416381108673,0.15829383886255924,0.2884089666484418,0.0033238291242971263
P5CDm_Neuron,440.25714285713906,0.006080546950670724,0.17345971563981044,0.28999450247388675,0.003330508178904631
PCFLOPm_Neuron,418.9702380952347,0.0019077191018973666,0.08530805687203792,0.31882744031429433,0.003268408107630369
PDHm_Neuron,376.128571428572,0.0024494407244076218,0.08151658767772513,0.2718371553723267,0.003257913487343801
PEFLIP_Neuron,457.09285714284954,0.0020567495263346443,0.08530805687203792,0.36798046738751305,0.003269889415781994
PEFLIPm_Neuron,418.9702380952347,0.001945446878228024,0.08530805687203792,0.31882744031429433,0.0032696177011422947
PETOHMm_hs_Neuron,414.80952380952004,0.005348165736313521,0.12890995260663507,0.28475033738191635,0.0033088609405165013
PFK_Neuron,410.3869047619023,0.0017982241784394286,0.07393364928909953,0.31596286313267447,0.0032485056599886723
PGI_Neuron,285.065873015872,3.7232133556481215e-05,0.004739336492890996,0.2408675799086758,0.0018965839822218467
PGK_Neuron,339.3535714285738,0.00021718116345256888,0.02085308056872038,0.2846735024284943,0.002907510729001462
PGL_Neuron,410.9702380952356,0.001821333640030502,0.07393364928909953,0.31634182908545727,0.003250368314898793
PGM_Neuron,286.71587301587215,1.8970731437213816e-05,0.0037914691943127963,0.24191699151570742,0.001765719292431031
PHCDm_Neuron,432.5333333333295,0.0059912916168004164,0.16113744075829384,0.2880939377389405,0.00332564050041058
PHCHGSm_Neuron,427.0333333333295,0.005836647332635137,0.15071090047393365,0.2872311462020147,0.003320934201136716
PHEMEtm_Neuron,275.4162698412677,3.668511611517782e-05,0.0018957345971563982,0.22112764619576608,0.000738379804052039
PHETA1m_Neuron,350.6214285714295,0.0008565065804904704,0.03601895734597157,0.2676306443429731,0.00309656577966638
PIt2m_Neuron,483.9571428571391,0.00634797488712859,0.18578199052132702,0.3408723747980614,0.0033383105238081676
PIt7_Neuron,411.82619047618493,0.0008942333639472772,0.027488151658767772,0.34991708126036486,0.003025696925541224
PNTKm_Neuron,425.6999999999961,0.005556905128302068,0.15071090047393365,0.28645126255769754,0.0033208247546921963
PPA_Neuron,414.8035714285685,0.001857385012878392,0.07867298578199053,0.317675398976212,0.0032593976746547746
PPA2m_Neuron,435.42380952380563,0.005981247880976434,0.16492890995260664,0.2891995614035088,0.003327321632402438
PPAm_Neuron,435.42380952380563,0.005981247880976434,0.16492890995260664,0.2891995614035088,0.003327321632402431
PPAt_Neuron,231.39047619047076,9.589931049486537e-08,0.0018957345971563982,0.2077180547351841,0.0006675772068168486
PPAtm_Neuron,266.16825396824953,1.2784484975831128e-05,0.0018957345971563982,0.22112764619576608,0.0008877412722386385
PPBNGS_Neuron,410.63690476190226,0.001820891829448323,0.07393364928909953,0.3161522325442014,0.0032496998793745753
PPCOACm_Neuron,433.25714285713894,0.0057059111510843,0.16398104265402844,0.2880939377389405,0.003326718675878318
PPCOAOm_Neuron,306.60198412698935,0.00023789344972867827,0.017061611374407582,0.2317153525148254,0.0027972535507524254
PPPG9tm_Neuron,302.81666666666655,3.183883042780964e-05,0.0018957345971563982,0.25077252198716427,0.0012084744877030402
PPPGOm_Neuron,379.5952380952379,0.00280712116113697,0.07962085308056872,0.2744536940686785,0.003254866234021188
PRGNLONEtm_Neuron,282.53888888888855,4.03752230608367e-05,0.0018957345971563982,0.22399150743099788,0.0007391759738123954
PRO1xm_Neuron,416.05952380951993,0.005467972691004402,0.13554502369668248,0.2841368165903582,0.0033127661324856244
PROD2m_Neuron,417.7261904761866,0.005351619064987971,0.13649289099526066,0.28482721382289417,0.0033129112503815093
PROt2r_Neuron,454.9095238095159,0.004628302026627118,0.08056872037914692,0.36862334032145355,0.0032703993877703243
PROtm_Neuron,336.97023809524035,0.00010589582461758621,0.002843601895734597,0.28730936819172115,0.0015425896569558376
PRPNCOAHYDm_Neuron,376.5714285714287,0.0027248252145560597,0.07582938388625593,0.27324527324527326,0.0032487566766596612
PSFLIP_Neuron,457.09285714284954,0.0020567495263346443,0.08530805687203792,0.36798046738751305,0.003269889415782002
PSFLIPm_Neuron,418.1369047619015,0.0019089608374316133,0.08436018957345971,0.3184424992453969,0.003268171184020862
PYK_Neuron,410.8035714285689,0.0018018173160509895,0.07393364928909953,0.3162470023980815,0.0032498630160953746
PYLALDOXm_Neuron,431.5333333333295,0.005982959384261079,0.15924170616113745,0.28793668122270744,0.0033248418387395525
PYRt2m_Neuron,477.79047619047236,0.0062034735206072805,0.17630331753554504,0.33890138130420816,0.0033348850079776633
PYRt2r_Neuron,455.409523809516,0.004629100121680958,0.08056872037914692,0.36901014340678556,0.0032707806403013628
RPE_Neuron,232.77658730158205,1.0701923032792133e-06,0.0037914691943127963,0.20110560426991994,0.0015263540902604304
RPI_Neuron,231.4599206349155,8.959021824346542e-07,0.002843601895734597,0.20072298325722984,0.0013246446469827036
SACCD3m_Neuron,439.25714285713906,0.005993288061958078,0.17156398104265402,0.28983516483516486,0.0033297961078502347
SACCD4m_Neuron,437.25714285713906,0.005963807947851066,0.16777251184834124,0.28951701427003296,0.0033283448972493985
SARCStm_Neuron,267.11746031745616,2.167564426151106e-05,0.0018957345971563982,0.2166324435318275,0.0011959430006866106
SARDHm_Neuron,327.2857142857151,0.0003461453969179246,0.024644549763033177,0.25446213217559094,0.0029486133974574087
SERGLNexR_Neuron,361.2261904761907,0.00024397899037799096,0.01042654028436019,0.31436233611442194,0.002477584685443289
SERGLYexR_Neuron,347.79285714285845,0.00020903567174910927,0.009478672985781991,0.3043854587420658,0.0024177712235239346
SERt4_Neuron,375.6761904761897,0.0006907362231761076,0.017061611374407582,0.3231240428790199,0.0028008847644694387
SLDxm_Neuron,416.05952380951993,0.005473350073081095,0.13554502369668248,0.2841368165903582,0.003312851358400294
SPODMm_Neuron,416.37619047618654,0.005408685665577688,0.13364928909952606,0.28521221951878883,0.0033116930933054568
SSALxm_Neuron,434.6999999999962,0.006023321608811526,0.16492890995260664,0.28848783155592017,0.0033272607483121855
SUCCt2m_Neuron,389.3785714285712,0.0011155632706836528,0.04549763033175355,0.3093841642228739,0.003160722766985338
SUCD1m_Neuron,327.53928571428645,0.00020659111892752885,0.01990521327014218,0.2575054918232853,0.002860020257018523
SUCOAS1m_Neuron,366.1785714285722,0.001442693726119793,0.05971563981042654,0.2710688591983556,0.00320902034376149
SUCOASm_Neuron,380.6857142857141,0.0019185963725212053,0.08341232227488152,0.2741683991683992,0.003259907488371776
SULFOX_Neuron,413.3273809523782,0.001828877292610639,0.07772511848341232,0.31719783523752254,0.003256821104856184
T2M26DCOAHLm_Neuron,376.0714285714288,0.002723202014841994,0.07488151658767772,0.2731745209735888,0.003247028087717492
T4HCINNMFM_Neuron,377.07142857142867,0.0027732279460304307,0.07677725118483412,0.27331606217616583,0.003250558403541957
TALA_Neuron,288.0825396825389,2.5599663089620193e-05,0.006635071090047393,0.24208352455254703,0.002043241949256722
TCYNTt_Neuron,243.88452380951827,2.745743266057164e-07,0.0018957345971563982,0.21874352063031308,0.0006687776985260333
TCYNTtm_Neuron,282.3920634920625,3.6578948298530014e-05,0.0018957345971563982,0.23095446584938703,0.0008905148436947106
THD1m_Neuron,480.54047619047236,0.006338717977680584,0.1819905213270142,0.33933740752653585,0.0033367514306069275
THFtm_Neuron,296.8960317460349,7.731110588735401e-05,0.006635071090047393,0.2285528596187175,0.0020938781602420626
TKT1_Neuron,287.16587301587214,1.3121322036283801e-05,0.006635071090047393,0.24169530355097366,0.0019377463050136074
TKT2_Neuron,288.7492063492055,2.5606948450195415e-05,0.007582938388625593,0.24219467401285583,0.0021084491457530516
TMDK1m_Neuron,426.1999999999961,0.005580253847675897,0.15165876777251186,0.28652906029331887,0.0033212819912452635
TPI_Neuron,289.2880952380945,1.3823283789312463e-05,0.005687203791469194,0.24308755760368664,0.0019252998713607116
TRDRm_Neuron,412.5595238095203,0.005350512644862313,0.12890995260663507,0.28360215053763443,0.003308716157174298
TYRTAm_Neuron,351.6214285714295,0.0008940182901128285,0.037914691943127965,0.26776649746192893,0.003104201726561281
UPP3S_Neuron,350.57023809524105,0.0003003395636957306,0.026540284360189573,0.28959648641229757,0.003005941449144164
UPPDC1_Neuron,407.9535714285692,0.0017897455434343734,0.06919431279620854,0.3158682634730539,0.0032405083145580294
VALTA_Neuron,347.20357142857415,0.00011265566077829358,0.012322274881516588,0.2903137039075399,0.0025683113636770383
VALTAm_Neuron,352.17142857142943,0.0008726590762777343,0.037914691943127965,0.26817488561260805,0.003108242773390773
VALt5m_Neuron,271.37261904761607,6.774335358317299e-06,0.002843601895734597,0.23356209873810052,0.0013785285151291372
VALtec_Neuron,270.32857142857006,9.233261354167474e-07,0.002843601895734597,0.24092258506508335,0.0012887384638354531
VITD2Hm_Neuron,432.28333333332955,0.005878530368114946,0.15829383886255924,0.28896192823883865,0.0033243953422909893
VITD2tm_Neuron,282.85555555555527,4.038287715533351e-05,0.0018957345971563982,0.2243248990006379,0.0007392039729366059
VITD3Hm_Neuron,432.78333333332955,0.005878809793177972,0.15924170616113745,0.28904109589041094,0.0033245282369127674
VITD3tm_Neuron,283.5222222222221,4.0666102166079226e-05,0.002843601895734597,0.2244203360987024,0.0010440652352259525
VITD3tm3_Neuron,283.5222222222221,4.0666102166079226e-05,0.002843601895734597,0.2244203360987024,0.001044065235225972
MTDNAploym_Neuron,298.85317460317805,0.00038731313681233205,0.015165876777251185,0.2281081081081081,0.0027660114599140414
MTDNAdpolym_Neuron,429.5333333333295,0.005863437497515932,0.15545023696682464,0.2876226826608506,0.0033231066775205012
DAKm_Neuron,293.24603174603396,9.199166923850029e-05,0.006635071090047393,0.22707705553164012,0.002232449328932445
DTKm_Neuron,354.4785714285723,0.0011646220162034814,0.046445497630331754,0.2679705359410719,0.003159724904586376
DCKm_Neuron,353.9785714285723,0.0011412732968296517,0.04549763033175355,0.2679024885728796,0.0031551011019152553
DGKm_Neuron,353.9785714285723,0.0011412732968296517,0.04549763033175355,0.2679024885728796,0.003155101101915257
NH3tm_Neuron,477.95714285713905,0.006214698730380679,0.17630331753554504,0.3390102827763496,0.003334928344360169
NDPK1_Neuron,337.6035714285737,0.0001775903458852722,0.017061611374407582,0.28451995685005393,0.0028200628756775703
NACASPtm_Neuron,281.18055555555486,3.86287652717714e-05,0.0018957345971563982,0.22328042328042327,0.0007402284312014381
NACASPt_Neuron,215.90238095237825,2.6538636534066206e-07,0.0018957345971563982,0.18262073740695864,0.0004161578564061976
GGNG_Neuron,404.5535714285695,0.001781894593560792,0.06445497630331753,0.31454979129397737,0.0032301968798629254
GLGNS1_Neuron,405.05357142856946,0.0017819777036427243,0.06540284360189573,0.31464360274381153,0.003230499347947368
GLBRAN_Neuron,279.8992063492052,1.2210721821755614e-05,0.0009478672985781991,0.23939187656001815,0.00073337995938944
GLDBRAN_Neuron,351.7369047619078,0.0003017477603872613,0.027488151658767772,0.28999450247388675,0.0030165528389535737
SERtm_Neuron,317.4869047619056,2.8029430236692642e-05,0.0037914691943127963,0.2759612869474235,0.0017213773459555958
UREAt_Neuron,231.96666666666118,1.42475301729497e-07,0.0018957345971563982,0.2084156459897274,0.000667510473715841
UREAtm_Neuron,266.2714285714241,1.8969403821982324e-05,0.0018957345971563982,0.22098868873062422,0.0008875773250084475
GLNtN1_Neuron,466.24285714284963,0.004912494325157202,0.0938388625592417,0.374113475177305,0.003290924829993702
DM_4mptnl(m)_Neuron,281.87222222222175,4.037331734234324e-05,0.0009478672985781991,0.22389643463497452,0.0007380848246743274
DM_prgnlone(c)_Neuron,216.02777777777504,2.773738594727201e-07,0.0009478672985781991,0.1830326162387231,0.0004154794644448771
DM_nadph(c)_Neuron,405.38690476190277,0.001782687803450397,0.06540284360189573,0.3148313936138466,0.0032324073217371175
DM_atp(m)_Neuron,444.67380952380574,0.006124479353522941,0.18104265402843603,0.29087400055141993,0.003333197705797214
sink_chsterol_Neuron,216.02777777777504,2.773738594727201e-07,0.0009478672985781991,0.1830326162387231,0.0004154794644448771
DM_1a2425thvitd3_Neuron,281.8722222222217,8.074284872446046e-05,0.0018957345971563982,0.22375397667020147,0.0012125439561631022
DM_1a2425thvitd2_Neuron,281.8722222222217,8.074284872446046e-05,0.0018957345971563982,0.22375397667020147,0.0012125439561631024
sink_vitd3_Neuron,216.98968253967973,5.587447519906378e-07,0.0018957345971563982,0.18335071254779284,0.0007392105434175281
sink_vitd2_Neuron,216.23968253967976,2.7742645267762997e-07,0.0009478672985781991,0.18325516762202537,0.0004154883103175773
CKc_Neuron,337.436904761907,0.00017730526391811446,0.018009478672985784,0.2842133620689655,0.0028230513762195148
CREATtmdiffir_Neuron,276.0285714285694,8.781106411626497e-06,0.0018957345971563982,0.23686573866187696,0.001187197850708187
PCREATtmdiffir_Neuron,276.0285714285694,8.781106411626497e-06,0.0018957345971563982,0.23686573866187696,0.0011871978507081867
ALATA_L_Neuron,354.5369047619075,0.00022308262343195918,0.016113744075829384,0.2944459949762769,0.0027602618230966147
ALATA_Lm_Neuron,354.70476190476273,0.0010085950639127312,0.04265402843601896,0.2683795471890104,0.003139435119191658
ALAtN1_Neuron,272.8285714285701,1.697194842689469e-06,0.0018957345971563982,0.24319963116643614,0.0010153006921601053
DM_pchol_hs_Neuron,285.1492063492055,1.3073349637372406e-05,0.0009478672985781991,0.2418060967224387,0.0007353160993615197
PSDm_hs_Neuron,421.30952380951993,0.005543184002530758,0.14028436018957346,0.28637350705754616,0.0033157291598879834
Kt_Neuron,364.54285714285703,0.0003918657335198248,0.004739336492890996,0.3187311178247734,0.0019094303368292868
HtrnsEX_Neuron,457.4095238095162,0.004611138885087651,0.08056872037914692,0.37056550755180895,0.0032717624204982696
NaEX_Neuron,373.04285714285663,0.0006776751819479558,0.013270142180094787,0.32203907203907206,0.002683369977957482
GLCt1r_Neuron,355.09285714285767,0.00019688497795313428,0.004739336492890996,0.31166912850812406,0.0018649829926058643
Fe2t_Neuron,341.4976190476213,4.6358915492420715e-05,0.002843601895734597,0.29701576576576577,0.0011161451598490826
PEPCK_Neuron,302.93333333333277,5.94711512419597e-05,0.01042654028436019,0.25053431488957495,0.0025192695787534178
AA_PIt7_neuron,413.8261904761847,0.0008924354342793645,0.029383886255924172,0.35084802128367143,0.0030415068829850876
AA_H2Ot_neuron,368.0238095238115,0.00032139281061239116,0.027488151658767772,0.3075801749271137,0.0030142511730671083
AA2,376.0428571428564,0.0012726187931539714,0.018957345971563982,0.32262996941896027,0.002866368197294655
ALDH1L1,452.46190476190014,0.08300829221856759,0.16872037914691942,0.304297663686184,0.0033353505991918237
